"","A5X5Y0","A8K7I4","A8MPY1","O00305","O00555","O00591","O14649","O14764","O15399","O15547","O15554","O43497","O43525","O43526","O60359","O60391","O60741","O60840","O75311","O75762","O94759","O95069","O95180","O95259","O95264","P02708","P04839","P07510","P11230","P13569","P14867","P16389","P17658","P17787","P18505","P18507","P21817","P22001","P22459","P22460","P23415","P23416","P24046","P28472","P28476","P29973","P30532","P30926","P31644","P32297","P34903","P35498","P35499","P36544","P37088","P39086","P42261","P42262","P42263","P43681","P46098","P47869","P47870","P48048","P48050","P48051","P48058","P48167","P48169","P48544","P48547","P48549","P51168","P51170","P51575","P51787","P51788","P51790","P54284","P54289","P56373","P56696","P57789","P62955","P63252","P78334","P78348","P78508","Q00975","Q01118","Q01668","Q02641","Q03721","Q04844","Q05586","Q05901","Q06432","Q07001","Q08289","Q09470","Q12791","Q12809","Q12879","Q13002","Q13003","Q13224","Q13507","Q13698","Q13936","Q14003","Q14524","Q14571","Q14573","Q14643","Q14654","Q14721","Q14722","Q14957","Q14CN2","Q15413","Q15822","Q15825","Q15858","Q16099","Q16322","Q16445","Q16478","Q16558","Q401N2","Q5JUK3","Q5XXA6","Q6PIU1","Q6UVM3","Q70Z44","Q7RTX7","Q7Z2W7","Q7Z3S7","Q7Z418","Q86XQ3","Q8IZS8","Q8N1C3","Q8NCM2","Q8NEC5","Q8NER1","Q8NET8","Q8TAE7","Q8TCU5","Q8TD43","Q8TDD5","Q8TDN1","Q8TDN2","Q8WXA8","Q8WXS5","Q92736","Q92806","Q92952","Q92953","Q93086","Q96D31","Q96KK3","Q96L42","Q96P56","Q96PR1","Q96QT4","Q96RD7","Q96RP8","Q99250","Q99571","Q99572","Q99928","Q9BQ31","Q9BXT2","Q9GZZ6","Q9H1D0","Q9H252","Q9H2S1","Q9H3M0","Q9HBA0","Q9NPC2","Q9NR82","Q9NS40","Q9NSA2","Q9NY46","Q9NY47","Q9NZQ8","Q9NZV8","Q9P0X4","Q9P1Z3","Q9UF02","Q9UGI6","Q9UGM1","Q9UHC3","Q9UI33","Q9UIX4","Q9UJ96","Q9UK17","Q9UL51","Q9UL62","Q9ULD8","Q9ULS6","Q9UN88","Q9UQ05","Q9UQC9","Q9UQD0","Q9Y210","Q9Y3Q4","Q9Y5S1","Q9Y5S8","Q9Y5Y9","Q9Y698","Q9Y6N3"
"A5X5Y0",2417,47.5,179.5,35.5,62.5,190.5,55.5,190.5,54,37.5,44,61,48,38,35,81.5,43.5,62.5,158,52,51.5,45,58.5,48.5,555,350,47,334.5,416,52,146,34,35.5,438.5,174,182,52.5,42,39.5,39,167,173,221,166,204,36.5,393.5,414,145,427.5,154,67,65,421,60,45,35.5,46,44.5,432,781.5,150,171,52,48,39.5,45,191,179,40,39,39.5,45,46,38.5,40,45.5,44.5,41.5,47.5,33.5,52,44.5,48.5,50,199.5,38,47.5,63.5,66,52.5,40,60,308,43.5,431,38,361,35,37.5,50.5,51,48,66.5,45.5,52.5,55.5,58.5,49.5,64,60,62.5,59,62.5,57.5,46.5,39,50,53.5,54.5,420.5,432,68.5,42.5,44.5,164,45.5,35.5,300.5,49.5,51,40.5,62,1339.5,38.5,50,55,63,50.5,59.5,171.5,41,44,56.5,69,32.5,58.5,44,36,43.5,47.5,1807.5,39,64,45,42,43.5,34.5,58.5,38,52,47.5,55.5,63,77.5,50.5,61,39.5,40,192,39,42.5,450,52,47.5,42.5,35,49.5,42,59.5,40.5,42.5,54.5,47,51,33,59.5,49.5,38.5,44,462,38,58.5,43.5,45,40,69.5,65.5,58.5,40.5,213,53,45,54,47.5,60.5,60.5,43.5,57,30,35
"A8K7I4",47.5,4759,60.5,54,58,53.5,38.5,38.5,42.5,60.5,46,52.5,75,46.5,45,44.5,60.5,47,41,46.5,66,38.5,53.5,68,39,52,53,45.5,43,59.5,48.5,41,37.5,54,51.5,54,81.5,42.5,42,48.5,47.5,49.5,50.5,55,58,49.5,44.5,40,59,48.5,63,46.5,44.5,55.5,46,76.5,55.5,68.5,68.5,47.5,41,51.5,49.5,52,44,47,49,38.5,76.5,44,55.5,58,44,48.5,44.5,44.5,42,47.5,50.5,63.5,49.5,48,39,43,52,37,50,59.5,51,43,54.5,48.5,46,58,63.5,73,33.5,45,46.5,39.5,44.5,51,71,93.5,73.5,56,48,47.5,51.5,50.5,51,56.5,51.5,70,41.5,51.5,44.5,43,2876.5,70,61.5,42.5,45.5,62,59,69.5,47,45.5,37.5,45.5,52,46,54.5,38.5,44.5,45.5,69.5,41,39,61.5,42,54,41,65.5,51.5,41.5,58,47,42,47,46.5,55,54.5,72.5,46.5,58,71.5,42,59.5,57,61,37,52.5,75,41.5,45,54.5,62,53.5,42,61,37,54.5,35.5,49.5,49,42,50.5,48,55,51.5,46.5,64,74.5,48.5,44.5,53,47,47.5,57,47.5,48.5,50.5,42,37.5,49.5,58,46.5,52,41.5,43,47,1988.5,52.5,37.5,55,47,42.5,46,45,743.5
"A8MPY1",179.5,60.5,2444,52,47.5,771,36.5,773.5,45.5,37,64,64.5,38,40,34.5,44.5,43,45.5,699.5,47.5,51,49.5,54,48.5,192,175,45,165,186,52,589.5,59.5,38.5,212,812,612.5,57,42.5,53.5,36.5,671,691,1435,836.5,1413,52,180,201.5,624.5,201,594.5,63,70.5,166.5,42.5,51,71.5,49.5,49.5,184.5,238.5,599.5,803.5,44,34.5,40,43,671,606,37,42,46,54.5,49.5,47,51.5,45,51.5,43,56.5,43,46,47.5,37,42.5,567.5,37.5,30,68.5,64.5,55.5,43,54.5,153.5,45.5,189.5,40.5,151,43.5,41,54,38,44.5,50.5,46,61.5,43,46,62,47,68.5,52.5,51,64.5,30,56,29.5,45.5,60,60.5,203.5,210,69,65.5,42,629,57.5,39.5,142,69.5,43,42.5,69.5,47,66.5,54.5,76.5,34,41.5,62,629.5,49,61,60.5,67.5,52.5,51,42,65,48.5,53.5,169.5,31.5,68,42,47.5,59,36,39.5,38,47,55,39.5,58.5,52,37.5,78.5,37.5,47,608,45.5,38,185,37.5,44,48,44,58.5,36,39.5,48.5,42,83,58,50.5,44,66,35,41,42.5,207.5,35.5,73.5,39,39,54.5,36.5,46.5,38.5,64,667.5,47.5,37.5,54,57.5,36,50.5,42,66,58,40
"O00305",35.5,54,52,2664,66.5,37.5,35.5,35,47,35.5,39.5,82.5,77,47.5,55,43.5,52,71.5,48.5,53.5,50,36,56,61.5,41,40,44.5,51.5,44,44.5,44,37,40.5,36,39.5,33.5,65.5,54,51,47.5,36.5,45,58.5,40.5,40,38.5,47.5,50.5,52,52,55.5,55.5,46.5,37.5,41,63.5,59.5,51,47,35.5,45.5,47,42,35.5,32,46.5,48.5,38.5,48.5,37,37,42.5,38,40,44,61.5,50.5,54.5,1577.5,56,42.5,72.5,60,41.5,41,43.5,39,42,72,58,62.5,1639.5,48,40,42,43,36.5,45.5,1677,64,54,47,82,54.5,57,62,75.5,52,52.5,37,65,61,63,61,36,64.5,67.5,39,45.5,64.5,32.5,38.5,55,60.5,45,37.5,65,33,38,53,56,32,56.5,37.5,48.5,43.5,53,57,39,57,30.5,65.5,64,46,51,36.5,65.5,55.5,32,45.5,55.5,39.5,50.5,70.5,35,44,77,33.5,48.5,51,82.5,52,49,55,48.5,37,51,41.5,44,32,40,32,53,69.5,44,82,45.5,70.5,39.5,60,60.5,55.5,57,55,47.5,54.5,58,54.5,35.5,60.5,41,40,49,38.5,37.5,41.5,46,68,69.5,41,53,58.5,48.5,73,56,48.5,39.5,46.5,46.5,42.5,42.5
"O00555",62.5,58,47.5,66.5,13267,58,64.5,45,161,51,62.5,1630,116,172,62.5,77.5,123.5,3485.5,45.5,88,129.5,67,1580.5,91,58,58.5,49,58.5,54,104.5,50,119,109.5,52.5,56,70.5,132,126.5,119,122,50.5,46.5,71,69,52.5,108,56.5,59,49.5,61,50,1475,1520,55.5,58.5,50,73.5,66,65,95,70,47.5,64,61.5,53.5,51.5,59,46.5,61,49.5,140.5,69,47,52.5,42.5,103,96.5,73.5,67.5,59.5,51,126,110,47.5,47,59.5,61.5,61,7324,1174,3610.5,81,147.5,49.5,54.5,85,44.5,56,118,128.5,78.5,124.5,76.5,51,62.5,88.5,117,3457.5,3639,141,1486,114,109.5,126.5,47,150.5,44.5,141,52,121,60.5,59.5,1476.5,81.5,103.5,51.5,68.5,41,52.5,76,72.5,109,88,50.5,205.5,99,58,56,232.5,46.5,70,85,324,94,88.5,112,93.5,98,106,82.5,131.5,55,80.5,122.5,76,68.5,194,52.5,61,110.5,105.5,230,136,126.5,72.5,126.5,1496.5,43.5,45.5,62.5,104.5,49.5,49.5,86.5,132,80,124.5,94.5,70,126,105,142,1447.5,69,82.5,135.5,1630,123.5,52,109,50,62.5,1368.5,98.5,91,136,130.5,127.5,165,114,63,117,57,1461,96.5,165.5,77.5,47,1425,57.5,43.5
"O00591",190.5,53.5,771,37.5,58,2274,37,853.5,43.5,33,54,48.5,43.5,41,47,47.5,67.5,42.5,729.5,47,66.5,46,47.5,54.5,182,187,45.5,163.5,197.5,62,599,40,36.5,229,859.5,669,53,36,37,38,716.5,721,761.5,834,757.5,44.5,207.5,252,641,187,637.5,57.5,48.5,205.5,43,52,54,46.5,46,206,240,615,810,47,35,41.5,53,600.5,634,40,41,53.5,35,49.5,43.5,55.5,46.5,40,44,49,53.5,53.5,45,44,37.5,561,35.5,43,62,61,54,46.5,59,182.5,40.5,249,29,174.5,39.5,46.5,60,40.5,52.5,44,52,46,61,58,43,44,49.5,74,57,64,34.5,58,32.5,55,80.5,56.5,235,218.5,58.5,73,50,648.5,52.5,35,136,64,65,49,52,94.5,50.5,54,66.5,43.5,59,51,668,45,54.5,65.5,54,52.5,55,41.5,48,53,39.5,191.5,33,74,43,73,53,56.5,51,51.5,58,52,61,46,38.5,53,66.5,43.5,40.5,631.5,39,35,207,46,42,87,54,51,41.5,56,54,43.5,59.5,49.5,40.5,43.5,68,33,40,81,203,39.5,65,41.5,56,42,38.5,62.5,37,63,668.5,39,51,57,56.5,44,56,40,59.5,36,61
"O14649",55.5,38.5,36.5,35.5,64.5,37,2042,44.5,48.5,40,75.5,62.5,74.5,82.5,41,49,55.5,70,37.5,40,48.5,363,88.5,113.5,48,35.5,48.5,37,41,46,50,90,93,38,35,43,67.5,87,89.5,84.5,49,48,39,47.5,43,62.5,43.5,42,49.5,41,53,58,90.5,44.5,39,36.5,53,48,49.5,38.5,67.5,58,40,54,56,74,38,60.5,57.5,72.5,72.5,56,40,39.5,34.5,69,43,44.5,33,51,41,80,349.5,45.5,57.5,52.5,42.5,50.5,66.5,52,57,38.5,74,33,43,45.5,37.5,34,41,85,77.5,94,49,42.5,39.5,50.5,43.5,52,59.5,72.5,66.5,43,43,45,59.5,78,43.5,53.5,37,54,40,43.5,68,55.5,91,61.5,52,38.5,39,99,46.5,87.5,95,37,70.5,61.5,36.5,251.5,88,38,46,114,62.5,50.5,68,71,52,71,58,71.5,77,49.5,66,56,90,70,84.5,41,36.5,64.5,106.5,54.5,74,44.5,51.5,100,71.5,41,36.5,35,64.5,30,37.5,51.5,111,72,99.5,46.5,1116,72,103.5,131.5,70,54.5,54.5,126.5,78,43,40,67,41.5,38,75,81,96,111.5,40.5,52,112.5,76.5,36.5,97.5,37.5,69,36,50.5,35.5,47,58.5,35,35.5
"O14764",190.5,38.5,773.5,35,45,853.5,44.5,2324,39,45,45.5,43,37,41,46.5,64.5,38.5,54.5,752.5,55,43,55,55.5,46,195.5,156,40.5,175,211,46.5,652,44.5,47.5,172,913.5,760,52,45,41.5,42,749.5,757,807.5,907.5,796.5,62,139.5,175,681,177.5,650,49.5,54.5,199.5,46.5,48,44.5,53.5,46.5,197,210,672,896,35.5,45,37,68,603,680.5,46,34.5,41.5,35,45.5,45,46.5,42,45.5,37.5,72,50.5,42.5,43.5,37,43,650,42.5,47,53,55.5,55,43,43.5,169.5,48.5,180,30,153,52,46,44.5,46.5,53,50.5,49.5,55,38.5,48,54.5,36.5,46.5,97,77,71.5,38,53,45.5,42.5,44.5,51,181,186,46.5,46,45,663.5,59.5,40,163,43,59.5,41,49,105.5,38,56,51.5,34.5,40,48,703.5,49,51.5,39.5,51,43,47.5,43,34,38.5,48.5,215,41,52,42.5,45,51,39.5,42.5,38,41.5,56.5,34.5,49,56.5,47,48.5,40.5,45.5,704.5,48.5,35.5,201,36.5,41.5,44,42,52,46.5,47,38.5,67,42.5,36.5,51,57,49,43,54,47,233,36.5,47,44.5,40.5,62,40,59.5,41,43.5,718.5,39,46.5,48,44.5,55.5,44.5,40.5,44.5,48,36.5
"O15399",54,42.5,45.5,47,161,43.5,48.5,39,7214,64.5,50.5,119,81,93,40,841,85.5,63.5,49,63,53.5,44,151,47.5,46.5,88,75,46.5,50.5,55,48,51,55.5,61,87,40.5,128,75,65.5,83,50.5,52.5,57.5,57.5,56,54.5,75.5,53,44,51.5,40.5,56,58.5,50.5,92,524.5,540.5,480.5,478,93,47.5,41,77.5,53.5,71.5,44.5,496,49.5,51,47,57,53.5,56,47,45,72.5,46.5,59.5,48.5,63.5,47,63.5,60,43,38,41,45,42,94,47.5,58.5,85.5,59.5,53,745,70,45.5,47.5,62,57.5,68,100.5,2552.5,501,525,2443.5,77.5,66.5,57,136.5,84,63.5,52,70.5,43.5,46,47,2985.5,55.5,81.5,54.5,57.5,51,542.5,52,45,616,34,45.5,56,49,50,45.5,57.5,47.5,51.5,65,46,49,54.5,42,56.5,63.5,55,55.5,44,794,69,51,49,59.5,50,96,63,47.5,87.5,72,50.5,65.5,54,53.5,43,84.5,54.5,65.5,57.5,59.5,46.5,56.5,50.5,56.5,43.5,63,64,82.5,95,53,63.5,39.5,58,53.5,59,58.5,55.5,60.5,49.5,145.5,123.5,39,70.5,65.5,71.5,48.5,54.5,45,63.5,191.5,53.5,123.5,40.5,50.5,129,51.5,63.5,48.5,222,54,44.5,76,42.5,33.5
"O15547",37.5,60.5,37,35.5,51,33,40,45,64.5,2414,37,50.5,47.5,47.5,30.5,53.5,48.5,45,42.5,40,60,35,46.5,35.5,40,34,43,44,39.5,59.5,45.5,37.5,49,36,40,33.5,55,45,37.5,41,39,50.5,39,35,40.5,46.5,52,39.5,51.5,58.5,39,43,46.5,44.5,43,39.5,50.5,62.5,42.5,44,57.5,51.5,38,42,37.5,37,53.5,50.5,49.5,45,38,44.5,52.5,47,827,43.5,39,48,38,54.5,745.5,42,35.5,34.5,36,49.5,34,35,53,49,50.5,47.5,53.5,33.5,46.5,64.5,30,38.5,36,44.5,44,45.5,45,40.5,38.5,50,39,39,44.5,48.5,61,47.5,39.5,56,39.5,38.5,37.5,71.5,49.5,49.5,50,47.5,58.5,71.5,42.5,45,66,33,44,44.5,52,37.5,40,40,41,56,48.5,43.5,39.5,41.5,48,46,33.5,43,35,32.5,47,56,41,42,55,39,42,63.5,57,49,36.5,907,33.5,67.5,52.5,51.5,45.5,54.5,40.5,40,51.5,885,620,45.5,45.5,45.5,47.5,45,50,55,36.5,42,35.5,51,38,45.5,41.5,53,52.5,60.5,44,49.5,33.5,46,43,48.5,38.5,36.5,38,45,44.5,45,39,45,47,49,45.5,62,36.5,44,38,45.5,56.5,29,39
"O15554",44,46,64,39.5,62.5,54,75.5,45.5,50.5,37,2210,54.5,148.5,128.5,40,52,77.5,50.5,46,52.5,119.5,83.5,62.5,60,32.5,39,44,47.5,39,45,60.5,130.5,124,43,50.5,46.5,56,131,119,146.5,46,46,61.5,64.5,76,47.5,50,40.5,60.5,50.5,60.5,70,64,38.5,52.5,44.5,56.5,49.5,45.5,40,51.5,60.5,49,42.5,38,50,52.5,36,59.5,49.5,99.5,49.5,45.5,52,43,163.5,50.5,50.5,38,46,35.5,131,98,34.5,40,64,32,52,56.5,47.5,49,38,96.5,52,55.5,39.5,35.5,43.5,41,125.5,87.5,85,51,38,47.5,42,48.5,49,48,100.5,46.5,55,58.5,53,52,135,35.5,51.5,32,54.5,45.5,53,60,48.5,109,59.5,66,37.5,44,75.5,42.5,100.5,96.5,36.5,51.5,42.5,37.5,75,35,42,44,68.5,56.5,38,56,94.5,50,56.5,46,103,95.5,41.5,44,55,52.5,878.5,140,37.5,54.5,120.5,66,74.5,96.5,46.5,30,130,59,51,38.5,62.5,127.5,44,46.5,48.5,88.5,880.5,101,42,74.5,120.5,84.5,133.5,60.5,53,50.5,140,51.5,64,32,886,46.5,42.5,64.5,96,107,118,71,44.5,86,138.5,53.5,79.5,41,54.5,49.5,63,48.5,46.5,46,35.5,32
"O43497",61,52.5,64.5,82.5,1630,48.5,62.5,43,119,50.5,54.5,12454,125.5,139.5,49,101.5,146.5,1607,51,115,109,75,6167.5,87,55,75.5,53,45.5,64.5,76,44.5,167,154.5,52,57,48.5,86.5,154.5,191.5,169,54,53.5,50,57.5,44.5,98,59.5,60.5,45,49.5,65.5,1543.5,1521.5,58.5,66.5,64,56,53,68.5,89.5,49,48.5,41.5,52.5,43,63,74.5,45.5,72.5,51.5,156.5,59.5,57,56,49,109.5,73.5,69,61,49.5,51,163.5,58.5,47,52,61.5,57,45,1752,1144,1580,84.5,159.5,52,52.5,59,52,52,101.5,183,83.5,150,72.5,64.5,61.5,55,89,1598,1591,161,1601.5,83,118,95.5,43,199,52.5,113,52,89,53,63.5,1570.5,48.5,147.5,59.5,66.5,38.5,62,63,56,138.5,81.5,58.5,261.5,84.5,52.5,53.5,242,43.5,54,74.5,252.5,68.5,96,96.5,98,99,103,130,135,53,66,76,48.5,73.5,205.5,59,68,117,87.5,280.5,147.5,82,59,132,1555.5,41.5,58,57.5,130.5,46.5,55.5,71.5,113,61,151,89.5,74,110.5,132.5,137,1549,54,105.5,128,5576,122,57,102.5,52.5,67,1495.5,111,121,132,149,135,123.5,131,71,121,81,1523,95,245.5,84.5,61.5,1528,51,58
"O43525",48,75,38,77,116,43.5,74.5,37,81,47.5,148.5,125.5,4558,1815,41,78,189,116.5,41,58.5,54,79,120.5,92.5,50.5,43.5,52,49,51.5,55.5,59,228.5,198,44,44,42,83,243.5,225.5,213.5,38,37.5,48.5,43,36,85.5,50,48.5,57,41,71,104.5,122,40.5,45.5,48.5,67,68.5,67.5,47.5,45.5,61.5,45.5,61.5,46,48,87,60,48,60.5,224.5,50.5,59,53,37.5,1003.5,69.5,61,65.5,80,42.5,1517.5,81.5,46.5,63.5,54,55.5,57.5,120,77.5,98.5,73.5,246.5,43.5,101,37.5,36,50.5,79,236,165,129,59.5,53,55,64.5,61,99,105,249,111,59,59,66,63,247,60,53.5,60.5,62.5,42,34,117,45,218,68,61.5,40.5,39,128,81.5,195.5,119,43,68,58,41,59,48,58.5,35.5,77.5,107.5,55,53.5,172.5,78,45.5,49,200,179,45.5,91,67.5,53,147.5,282,44.5,36.5,204,133.5,68.5,233.5,76,38.5,205.5,86,38,45.5,39,213,40.5,47.5,53.5,123,169.5,216,60.5,70,1644,131.5,205.5,89,59.5,50.5,208,116.5,96.5,45,134,47.5,51.5,86.5,197,193.5,214.5,144,48,101.5,204,58,94,42.5,102.5,58,133,50,39.5,95,46.5,38.5
"O43526",38,46.5,40,47.5,172,41,82.5,41,93,47.5,128.5,139.5,1815,4608,57,73.5,126,117.5,48,64,74.5,89,168.5,69,38,47.5,55,49,48.5,56,45.5,240.5,237,49.5,47,49.5,72,257,245,242.5,44.5,40.5,53.5,47.5,34.5,68.5,49.5,54.5,44.5,49,56,107,106,40.5,54.5,43,60,50,61,91.5,52,57,44,38.5,50,64.5,54.5,55,59.5,68.5,279,59,64,46,49,1085,78,64.5,82.5,56,46,1822.5,95.5,55.5,55.5,42.5,38.5,55,148.5,106.5,111,87.5,269.5,47.5,80,51.5,40.5,56,52.5,248.5,127,144,73.5,48.5,51,94.5,63.5,141,122.5,274,119,57.5,58,49,44.5,299,46,99.5,54.5,57.5,43.5,40.5,94,53.5,234.5,55.5,51.5,31,46,90.5,58.5,210,104,42.5,61,61,47,101.5,84,43,42,83.5,85,68.5,49,207,59.5,68,61.5,218,188,42,55,72,61.5,171.5,289,44.5,63,206,114,65.5,305.5,86.5,52,221.5,91,37.5,50.5,45.5,217,39.5,61.5,47,148.5,154.5,219,49,73.5,1796.5,133,252,90,53.5,51,240,126.5,129.5,62.5,145,45,60,102,219.5,241,248,127.5,49,111.5,208.5,54.5,125.5,47.5,95,69,111.5,39,41.5,118.5,58.5,50.5
"O60359",35,45,34.5,55,62.5,47,41,46.5,40,30.5,40,49,41,57,1642,49,38.5,56,48,69.5,38,44.5,75,43.5,42,55,31,41,39.5,46,48,64.5,40.5,58.5,37,38.5,47,56.5,45,44.5,44,51.5,41.5,51,43.5,40.5,35.5,53,52.5,39,52,45.5,46.5,40.5,40,40,39,41,42,32,42,46,49.5,32.5,31.5,33.5,40,32.5,53,34.5,46.5,44.5,42.5,38.5,33.5,46.5,46.5,43.5,34.5,38,36,60.5,55,284,38.5,33.5,45.5,41.5,56.5,43.5,56.5,36.5,59,36,61,49.5,117,58,42.5,48.5,50.5,52.5,62.5,42,45,64,44,54,51,45.5,61.5,48.5,52.5,53,31,74,60,39,37.5,51,38,36,51.5,37.5,42.5,78,40,39.5,29,52,51.5,36.5,47,32,46,48,41,32.5,46,40.5,37.5,47.5,38,62,41,38.5,43.5,43,33,41.5,53.5,27,891.5,49,35,39.5,69.5,36.5,35.5,38,37.5,52,45.5,48.5,37,39.5,47,50,47.5,31.5,44,98.5,31,34,58,44.5,42.5,42.5,52,50.5,62,45.5,60.5,38.5,34.5,50.5,48.5,36.5,309.5,50,35.5,37.5,50.5,40,46.5,58.5,40.5,35,37.5,38,37.5,46.5,43,45.5,46.5,41.5,41,49.5,49.5,1240,35.5
"O60391",81.5,44.5,44.5,43.5,77.5,47.5,49,64.5,841,53.5,52,101.5,78,73.5,49,5469,63,62,70,51,64.5,35.5,98.5,62.5,51.5,39,45.5,62,59.5,58.5,51.5,35.5,43,41,59,43.5,72,47.5,44.5,46.5,59,45.5,53,55,53,44.5,40.5,47,46.5,42.5,52,61,57,38,66,460,497.5,464,456,67.5,56,53.5,49.5,61.5,45.5,62,473.5,58.5,55,57,45,58.5,40.5,56.5,41,84.5,89.5,67,40.5,44,43.5,58.5,65,45.5,56.5,65.5,44.5,44,77,64.5,55.5,57.5,64,60.5,719,48.5,41,72,46,34,56,72.5,736.5,469,469,751.5,37.5,56,71.5,71.5,82.5,49.5,56,49,43.5,77,42,836,40,57.5,65.5,40,51,424,37.5,58.5,466,40.5,48,53.5,58.5,41,48.5,74.5,44,50,62.5,54,44.5,52.5,45,47.5,51.5,54,52,42.5,2566,75.5,45,48,42,70.5,48,79.5,59.5,56,55,59.5,54.5,49.5,43.5,49.5,52.5,44,38,52.5,52,38.5,59,37,42.5,51,69.5,49,59,43.5,44,53,55.5,59,54,57,54,68,66,55.5,93,81,43.5,81.5,42,68,52,46,72,40,95.5,42,79,40.5,44,98,60.5,51.5,43,139,49.5,45.5,51,41.5,35.5
"O60741",43.5,60.5,43,52,123.5,67.5,55.5,38.5,85.5,48.5,77.5,146.5,189,126,38.5,63,4654,92,44,61,59,44,131.5,493.5,52,56,46.5,64,45.5,56,53,118,84,65,58,41.5,94.5,112,97.5,67,44,48.5,51.5,53,52,495.5,66,63,64.5,62,43.5,110,102,54,67,58.5,38.5,54,51.5,87.5,39.5,49.5,49,51,60,42,47,44.5,96,46,96.5,44,62.5,53.5,51,109.5,58,54,56,60.5,41.5,112.5,42.5,43,48,56.5,40.5,51,130.5,72.5,88,68.5,127,51.5,56,49,54,67,62.5,91.5,155.5,531.5,73.5,60.5,56,56,72.5,130,112,135.5,88.5,60,59.5,74,42,112.5,46,113,59.5,61,69,60.5,96,53.5,84,56,64.5,34.5,39,114.5,71,85,100.5,49,89,67.5,60.5,60,73,63,38,526,74,49.5,55.5,81.5,73.5,49,38,99,74.5,44.5,99.5,90,41,88,113.5,54,56,70,474.5,92.5,103,81.5,60,82,99,46.5,39.5,63,104.5,40,66,49,523,181.5,74.5,60.5,41,152.5,489.5,81.5,105.5,67,79,63,141.5,2346,35,113.5,53,56.5,84,98.5,80.5,89,2660.5,62,484,105.5,53,548.5,74,95,69.5,2714.5,43.5,62,108,44.5,43
"O60840",62.5,47,45.5,71.5,3485.5,42.5,70,54.5,63.5,45,50.5,1607,116.5,117.5,56,62,92,10309,46.5,69.5,99.5,63,1658.5,105.5,58.5,60.5,47,66.5,69.5,87.5,51,143.5,131.5,52,61.5,54.5,113,123.5,138.5,132,43,50,49.5,61,49.5,114.5,53.5,47.5,45.5,49.5,50.5,1531.5,1582,57,61.5,69,57.5,56,45,46,51,57,73.5,58,47,71,50.5,47,47,48.5,123.5,51.5,49.5,50.5,43.5,116.5,66.5,73,57,45.5,72,128.5,72.5,46,55,49,60,41,3553,1173,6601,52.5,155,78,58.5,48.5,58,52.5,61,133,72,109.5,55,50,61.5,67.5,80,5527,6066.5,134.5,1549.5,103,90,101,51.5,201.5,42,54,51.5,116.5,43,55.5,1577,51.5,126,45,67.5,44.5,57.5,80,79.5,133.5,92,58.5,195.5,78.5,51.5,86.5,207.5,66,59,97.5,250.5,80.5,85,115,62.5,110,92.5,101,150.5,59.5,59,115,52,85,171,66,55.5,115.5,121,256,125,94,51,119.5,1570,42.5,50,52.5,99,60,48.5,82,94,75.5,188.5,90,67,138.5,110,146,1577.5,55,68,129.5,1720.5,120,47,90.5,60,49.5,1493,141,93.5,146.5,89.5,98.5,125.5,118,56,100.5,58,1537,83,112,78.5,71.5,1494,54.5,37.5
"O75311",158,41,699.5,48.5,45.5,729.5,37.5,752.5,49,42.5,46,51,41,48,48,70,44,46.5,2445,58.5,50,47.5,52.5,56.5,165.5,163,36,140.5,243,44,722,51,48,195.5,780,717.5,49,45.5,44.5,58,1955,1870.5,705.5,787,720.5,41.5,176.5,189.5,710,202.5,719.5,60.5,54,179.5,38.5,57.5,45.5,44,44.5,185,208.5,739,783.5,39,47,42.5,42.5,992,703,33,49,47.5,39,48,37.5,45.5,47.5,61,36,48,36,43,46,36.5,68,641,45.5,33,67.5,52.5,43,39,41,126.5,56.5,180.5,35.5,163.5,48,44.5,53.5,55,46,48.5,53,53,46,46.5,53.5,44,46.5,56,72,45,34.5,67,34,40.5,49.5,51.5,202,231,58,42.5,56,745,45,46.5,136.5,58.5,38.5,50.5,51.5,72,38.5,51,43.5,38.5,40,56.5,703.5,63.5,54,41.5,49,36,59.5,45.5,62.5,44.5,46,164,32.5,62.5,36.5,47,61,40.5,42,42.5,45,45.5,38.5,48.5,45.5,53.5,75,57,40,701,38,30,189,37.5,48,54,56,42.5,37.5,42,54.5,54,51,43,53.5,61.5,48,50.5,44.5,53,215,39.5,48.5,47,44,53,43,39.5,45.5,46,659.5,63,59,65.5,52,39.5,51,50,53.5,49,33.5
"O75762",52,46.5,47.5,53.5,88,47,40,55,63,40,52.5,115,58.5,64,69.5,51,61,69.5,58.5,5872,123,70.5,81.5,66,47.5,47.5,55.5,47,75.5,73,63.5,66,47,50.5,60,63.5,76.5,50,66.5,42,60.5,58.5,48.5,87,55.5,69.5,45.5,44.5,43.5,46.5,52.5,111.5,121.5,47,44.5,40.5,52.5,58.5,40.5,42.5,53,46.5,70.5,44,44.5,49,51.5,54,52.5,41,55,47,56,54,46.5,54.5,66.5,70.5,68,48,46,55,77,49.5,50,72,46,46,98.5,114,86,50,70.5,40,51.5,63.5,45,50,51,70.5,67,54.5,46.5,47.5,35,51,194.5,123.5,80,48,95,135.5,137,134,48,52,40.5,44.5,71.5,83,52.5,67.5,92,50,52,50.5,55.5,35,54,55.5,95,64,66,61.5,102,102,60,64.5,59.5,53.5,45.5,70,76,213,268,44.5,83.5,101.5,98,50.5,71.5,53,60.5,86,39.5,50,74.5,46.5,43.5,54.5,65.5,69,71.5,129.5,55.5,50,141,42,66,82,62.5,39,51.5,276,46.5,53,60.5,233,39.5,56.5,80,35,127.5,79,122.5,42.5,72.5,57.5,49.5,66.5,57,39,103.5,51.5,46.5,54,71,145,46.5,42,46.5,84.5,62,96.5,206.5,62,194.5,51,137,62,50
"O94759",51.5,66,51,50,129.5,66.5,48.5,43,53.5,60,119.5,109,54,74.5,38,64.5,59,99.5,50,123,7950,53,102,62,74.5,52,50.5,53,69,66,51,88.5,74,50,49,48,81,72,75,69.5,48,42,46,46.5,70.5,65.5,51.5,67.5,45.5,54,41.5,111.5,120,45,64.5,63,68.5,67.5,90.5,55,47.5,48,63.5,48,43.5,53.5,77,53.5,44,60.5,49,62.5,51.5,42.5,59,49.5,54,53.5,45,51.5,40,55.5,53,43,49,49,41.5,58,135.5,119.5,84.5,56,62,63,65.5,55.5,49,55.5,61.5,67.5,63,69,55,51,54,56.5,309,108,86.5,61.5,120,93,81.5,70.5,49.5,65.5,55,62,76.5,69,53,55.5,103.5,58.5,100,55.5,52,38,42,62.5,69.5,53,46,59.5,97,2221,70,50.5,67,61,47,53.5,100,129.5,152,66.5,56,1941,48,57.5,50,54.5,37,120,45.5,67.5,60.5,54.5,40,56.5,76.5,129,53.5,1465,48.5,84.5,116,54,51.5,57.5,59.5,45,51,126,60,87,85,155,47.5,58,48.5,77.5,107.5,67.5,2040,50,116,56.5,45.5,89.5,51,47,82.5,49.5,52,66.5,82,342,62,80.5,62.5,78,76,98.5,287,66.5,121.5,53,122.5,43,49
"O95069",45,38.5,49.5,36,67,46,363,55,44,35,83.5,75,79,89,44.5,35.5,44,63,47.5,70.5,53,2175,74.5,111,43,41,53.5,51,49,86,45.5,80,90.5,40,43,40,45,87,84.5,86,58.5,49.5,47.5,43,48.5,77.5,38.5,39.5,47,40,46.5,52,67,39.5,46.5,46.5,49.5,60,52,48.5,56.5,47,42,62,58,63.5,57,49.5,53.5,66.5,90,55,50.5,48.5,35.5,127,46.5,51.5,31.5,44,44.5,98.5,1242.5,75,56,54.5,43,49.5,69,61.5,75,37.5,89,45,56,44,49,46.5,36,81,85,93.5,53,56,48.5,49,67,82,74,85,57.5,68,68.5,55,53.5,76,49,55.5,45,47.5,41,38.5,61.5,45.5,92,57.5,51,33,51.5,88.5,52,90,99,43,66.5,67,42,205,82.5,48.5,44,124.5,53,62.5,57,65.5,52,60.5,53,66,74,34.5,48.5,57,56.5,76.5,82,42.5,35,81.5,115,64,90,56.5,51.5,84,56,32,44.5,46,72,35,40,48,91,75,82,64,347.5,97,91,79,73,44,38.5,102,56,52.5,59,79.5,41,35,72,70,72.5,87,48,60,88.5,68.5,40,77.5,37.5,59.5,54,49,42.5,43,69,45,38
"O95180",58.5,53.5,54,56,1580.5,47.5,88.5,55.5,151,46.5,62.5,6167.5,120.5,168.5,75,98.5,131.5,1658.5,52.5,81.5,102,74.5,12432,68,53.5,56,69,59,77,70,44.5,138.5,160.5,58,64,59.5,111,158.5,116,144.5,51,57.5,53,58,50,67.5,49.5,56,47,51.5,47,1501.5,1500.5,73.5,63.5,63,58,62.5,57,94,52,57.5,49,60.5,56.5,50.5,60,45,73.5,49,187.5,48.5,52,53,47.5,138.5,81,95.5,79.5,59,41.5,167,57.5,53,48.5,57.5,44,43.5,1658.5,1126.5,1606,80.5,205.5,53,56.5,53.5,51,52.5,89.5,158.5,86,196.5,81,56,53,87,91.5,1588.5,1634.5,196,1559.5,85,104,94.5,51.5,205.5,48,133.5,59,64.5,48.5,82,1596,56.5,127,58,86,41.5,53.5,64,62,132.5,97,63,225.5,89,47,49.5,238,52.5,54,76,249,103.5,108,96,72.5,119,102,123.5,140.5,63,87,65,46,82.5,225,47.5,68,121,81.5,263,169,62.5,59,148,1540.5,42,60,58.5,127.5,49.5,78,75.5,121,60.5,149,98,92.5,137,111.5,115,1569.5,58,107.5,129,5879.5,122,56,74,64,76.5,1485.5,117,149.5,111.5,169.5,114,142,133.5,77.5,151,53.5,1507.5,89.5,279.5,109.5,68.5,1516,51,56.5
"O95259",48.5,68,48.5,61.5,91,54.5,113.5,46,47.5,35.5,60,87,92.5,69,43.5,62.5,493.5,105.5,56.5,66,62,111,68,5144,50.5,56,51,68,54.5,68,49.5,83,78,56,54,62,86.5,74.5,87,74.5,59.5,56.5,57.5,42,55,398,51,56,43,43.5,61,71.5,106.5,38,50,56,73.5,57.5,61,43,56,49,56,41,52,66,47.5,52,82,59,69.5,61,46,44.5,41.5,78,52.5,49,54.5,69.5,42.5,82.5,126.5,51.5,51,45,52,62.5,82,99,106,54,87,40.5,72.5,63.5,38.5,75.5,64,79,110.5,1402.5,64.5,63.5,52.5,73.5,58.5,105,103,81.5,70.5,60,70,90,43.5,116,43.5,60.5,56,77,41.5,48.5,110,78.5,103.5,61.5,57,61,46.5,98,52,102,114.5,44.5,49,69,61.5,93,66.5,86.5,48.5,3777,50,81,56.5,78.5,60,69.5,57.5,101.5,93,40.5,58.5,67,63.5,78.5,121,54.5,47,106.5,1433,95.5,81.5,89.5,50,72.5,77.5,46.5,45,49,98.5,40,34,52,1456,80.5,88,65,101,104.5,1420.5,110,83.5,57.5,71,113,64,477,51,72,45.5,44.5,78,99,78,122,472.5,62,1358.5,119,69.5,1355.5,76.5,74.5,61,492.5,48,50,63.5,38,35.5
"O95264",555,39,192,41,58,182,48,195.5,46.5,40,32.5,55,50.5,38,42,51.5,52,58.5,165.5,47.5,74.5,43,53.5,50.5,2296,335,38.5,341,365.5,49.5,222,47,36.5,411,159.5,177.5,54,44,51.5,45,172,178,185,166.5,217,46.5,466,409.5,160.5,384.5,193,53.5,54,457.5,55.5,51,44,52.5,45,412,987.5,203.5,206,51,40.5,49.5,34.5,170,180,52,47.5,49,50,64,31,40.5,40.5,41.5,43.5,52,41,38.5,40,47,39.5,157,39,53,54,64.5,55,39.5,45,346,45,461.5,39,356,46.5,42.5,50,46,45,44.5,55.5,45,54,55.5,59,39,50,56.5,73,51.5,38,37,48.5,38,51.5,70.5,425.5,433,54.5,53,43,183.5,45,34.5,256.5,60.5,51,38,54,286,44.5,56.5,55.5,53.5,41,50,156,51.5,47.5,37.5,47,32.5,59,44,38,50,47.5,526.5,36.5,57.5,47,53.5,55.5,36.5,55.5,57.5,51,47,41,45,45,39.5,58,45,36.5,207,38,32,358.5,46.5,42,50.5,36,53.5,46,35.5,49.5,53,56.5,49.5,51.5,52.5,56.5,48.5,45,54.5,387,47.5,57,67.5,50.5,55.5,44.5,44,40,37.5,180.5,54,45.5,62,54.5,42.5,43.5,38.5,53,34,40.5
"P02708",350,52,175,40,58.5,187,35.5,156,88,34,39,75.5,43.5,47.5,55,39,56,60.5,163,47.5,52,41,56,56,335,2537,44.5,684.5,824,62.5,178.5,46,54.5,970.5,155.5,173,54.5,45.5,43.5,45.5,166.5,187,138,154.5,155.5,49.5,993.5,963.5,173,1153.5,185,55,56,823.5,40.5,54.5,62,53.5,73,1096,524.5,198,163,44.5,45.5,50.5,62,167.5,168,46.5,54.5,62,36.5,51.5,33,65,57.5,44.5,38,47,42.5,48.5,43.5,49,39,127,38,61,62.5,60,48.5,34,50.5,672.5,40,958,36.5,785.5,35.5,53,51,41.5,62.5,54,58.5,55.5,54.5,59.5,54,59,56.5,53,60.5,53,42.5,47,43,49.5,51.5,53.5,1096,1090.5,59.5,52.5,47,184.5,47.5,42,167,41.5,58.5,46,54.5,252,42.5,72,51.5,55,37.5,48,174.5,43,49,54.5,53,46.5,50.5,64.5,45.5,38,51,304.5,41,56,43.5,50.5,46.5,40,46,45.5,46,69,58,49.5,44,40.5,53.5,45,43,171.5,44.5,34,746.5,44.5,47.5,60.5,36.5,57,36,44.5,43.5,49,58.5,48.5,50.5,50,56,57.5,58.5,52,790.5,32.5,72,33.5,39.5,49.5,50,49.5,57.5,44,138.5,44.5,47.5,61.5,64.5,49.5,48.5,42.5,61.5,49,50
"P04839",47,53,45,44.5,49,45.5,48.5,40.5,75,43,44,53,52,55,31,45.5,46.5,47,36,55.5,50.5,53.5,69,51,38.5,44.5,3065,43.5,40,45,34.5,44,50.5,39,42,48.5,46.5,59.5,42.5,46.5,36,38,54,40.5,48.5,52.5,44,37,36,51,39,62.5,80.5,43.5,55.5,63,39,49.5,48,45.5,43,38.5,46.5,41,37,53,47.5,39,42,51.5,44.5,56,48,51.5,45,60,47.5,53,38.5,48,39,67.5,58.5,35,38,32.5,42,43.5,55,70,51,52.5,41,51,48.5,51.5,33,46,38.5,53.5,52,54.5,49,49,46.5,45,72.5,50,51.5,46.5,57.5,55.5,53.5,54,44.5,43,35,54,44.5,52,43,47.5,66.5,53,39.5,41,48,38,42.5,49,60.5,43.5,56.5,49.5,51,48,65,48.5,33,52,57,45,41,51,71,55,48.5,51.5,61,47.5,49,53.5,31.5,69,59,42,43.5,42,44.5,38.5,61.5,58.5,41,60,42,50.5,66.5,47,43,45.5,47.5,52,33,40,63.5,56,45,66,55,49,49,46.5,58.5,50.5,48.5,61,60.5,42.5,33.5,44,47.5,44,64,43,52,68,47.5,46.5,45,46,45,56,49.5,67.5,73.5,47.5,39,1759,48.5,35,38
"P07510",334.5,45.5,165,51.5,58.5,163.5,37,175,46.5,44,47.5,45.5,49,49,41,62,64,66.5,140.5,47,53,51,59,68,341,684.5,43.5,2709,977.5,53.5,191,62,57.5,873,154.5,168.5,57.5,55,37.5,55,155.5,156,152,155,159,40.5,698,853.5,163,740.5,167.5,65.5,46,638.5,45.5,45.5,41,40.5,52.5,755.5,405,179,168,34,51,37.5,45.5,198.5,211,34,52,35.5,56,41,38.5,51,50,38,40,41.5,34.5,45.5,53.5,39,52,133,47,42.5,55.5,45.5,56.5,34,43.5,1248,47,678.5,42,1186,42.5,45.5,46,59.5,48.5,44.5,47,57.5,52,59.5,63,48,55.5,49,58.5,45,58,39.5,30,39.5,51.5,64.5,748.5,756,60,65.5,53.5,192,51.5,38.5,150,51,63,52.5,44.5,138,60,73.5,45.5,47.5,37,38.5,146,71,45.5,62,84,40,36,59,46.5,58.5,42.5,342,44,50.5,37.5,47.5,48,39.5,42,42.5,43.5,57,52.5,52,46.5,47,55,37,50,173,39,40.5,588,48.5,50,46.5,39,61,48.5,40,41,48,51,57,63,41.5,50,56,35.5,45.5,570,44.5,48.5,42.5,41,35.5,60,52,50,30.5,206,48.5,45,52,55,55,53.5,40,48.5,38,34.5
"P11230",416,43,186,44,54,197.5,41,211,50.5,39.5,39,64.5,51.5,48.5,39.5,59.5,45.5,69.5,243,75.5,69,49,77,54.5,365.5,824,40,977.5,2634,60,210,45.5,54.5,982.5,200.5,186,58,49,55,50.5,231.5,251.5,182,207.5,204,49.5,818.5,1011.5,186.5,914,204.5,65,52,739,58,46,45,41,47.5,948,514.5,198.5,213,41.5,40,36.5,46,237.5,192.5,37,57.5,45.5,37,37.5,37.5,65,58.5,52.5,48,57.5,34,50.5,46.5,50.5,38,175,56,48.5,57.5,63,62.5,44,44.5,915.5,47.5,864.5,38.5,967,45.5,49.5,47.5,54,44.5,44.5,49.5,47.5,54.5,61,51,57,56,54.5,58,48,36,52,42,47.5,44.5,60.5,922.5,875,56,43.5,53,206.5,46,42,178.5,53,47,38.5,69.5,214.5,59.5,54,63,56,48.5,39,168,50,53.5,57.5,68,41,65.5,56.5,44.5,52.5,51.5,387.5,47,60.5,44,57.5,45,46.5,46,47.5,45.5,59,50,45,49.5,39.5,56,39.5,38,181,44.5,46,664.5,83.5,48.5,43.5,45,59,38,52.5,43.5,51,65.5,63,59.5,48.5,61.5,45.5,53,52,628.5,50.5,56,56.5,50.5,55,50,57.5,53,38,239.5,52.5,67.5,59,47.5,51.5,53,50,62,45,33
"P13569",52,59.5,52,44.5,104.5,62,46,46.5,55,59.5,45,76,55.5,56,46,58.5,56,87.5,44,73,66,86,70,68,49.5,62.5,45,53.5,60,7538,40,59,46,55.5,59.5,47.5,81,46,44.5,42,44,44,50,55,64.5,61,60,62,55,53.5,54.5,97,72,44.5,51,56,55,74.5,67.5,51.5,78.5,51,54.5,55.5,47,61.5,52,52,46,51,59.5,58,47.5,55,38,78,46,48,47.5,56.5,44,53.5,58.5,44.5,51,52.5,68.5,63,107,77,88.5,44.5,43.5,47.5,69,57,42.5,51.5,55.5,51,63.5,47.5,97,76,70,58.5,78,81.5,106,47.5,93,88.5,76.5,92.5,48.5,54,63.5,60.5,63,99,50.5,56.5,96.5,51.5,53,49.5,49.5,40,49.5,89.5,64.5,70,107,50,52.5,56,68,48,56,113,41,81,67,52.5,87.5,53,69.5,52.5,67.5,71,65.5,54.5,59,94,52.5,59,60.5,41.5,47.5,61.5,71,80,43,65,61.5,58.5,97,51.5,45,62.5,63,48.5,41,52.5,52.5,71,63.5,89,47,70,54.5,59.5,88,61,77,54.5,76.5,47,55,80,51,44,97,55,47.5,72,52.5,62,49.5,53,49,53.5,77,80.5,76.5,45.5,77.5,52,78,55.5,50
"P14867",146,48.5,589.5,44,50,599,50,652,48,45.5,60.5,44.5,59,45.5,48,51.5,53,51,722,63.5,51,45.5,44.5,49.5,222,178.5,34.5,191,210,40,2402,46.5,42.5,214,721.5,996,48,41,36,39,719,722,620,712.5,595.5,50,182.5,245.5,1664,166.5,1661.5,48.5,51.5,170.5,51.5,37.5,47,40.5,41,213,213,1780,737.5,33.5,37.5,54.5,43,567.5,1333,58.5,37,41.5,50,42,35,50.5,44,42.5,34,61,46,44.5,46.5,36,42,799.5,37,42.5,52.5,44.5,54,46.5,40,189.5,45.5,166,31.5,189.5,40.5,46.5,35,46,51.5,39,48.5,57.5,44,58.5,49.5,51.5,54,82.5,55.5,61,38.5,44.5,46.5,68.5,57,51.5,200.5,203,48,42,50,1318,52.5,33.5,113,46,51,41.5,45.5,65,42,53.5,49,46,35,45.5,965,48,57.5,61,50,42.5,56,38,48.5,44.5,33,164.5,35,60.5,40.5,47.5,48.5,43,40,44,46,34,40.5,62,42.5,36.5,53.5,38.5,34,928.5,32.5,40.5,194.5,48,39.5,50,38,40.5,60,39.5,43,58,44.5,43,44,54.5,55.5,42.5,30,52.5,199,40,49.5,46.5,47.5,51,41,42.5,51,51.5,627.5,49,46.5,53,41,47,42,44,60.5,45,38
"P16389",34,41,59.5,37,119,40,90,44.5,51,37.5,130.5,167,228.5,240.5,64.5,35.5,118,143.5,51,66,88.5,80,138.5,83,47,46,44,62,45.5,59,46.5,2586,1649.5,61,41.5,40.5,62.5,1863,1699,1621,51,50,53,40,43,74,66,46.5,36.5,45.5,67,149,161,37.5,47,58.5,64,69,71,37.5,42.5,53,42,47,56.5,60,70,57,62,56,731,48,45.5,51,38.5,251,41.5,47.5,42.5,45.5,42,215,89.5,43,65,47.5,45,66,111.5,96,171.5,36,731.5,48,66.5,71.5,36,46.5,40.5,2019,121.5,115.5,43.5,70,66,50.5,77,143,145.5,720,144.5,52.5,59.5,48,55,749,37,44,40.5,75,42,38.5,150,40,1504,59.5,49.5,38.5,46.5,90.5,59.5,585.5,106,34.5,78,102.5,49.5,65.5,93,50,46,102,83,53.5,63,562.5,49.5,67,45.5,585.5,518,39,57,73.5,51.5,92,737,33,46,629,120.5,98,705.5,73.5,50,1457,153,57.5,49.5,52,615,42,32,54,107,112,637.5,59.5,78.5,216.5,116.5,741.5,151,50,72.5,720.5,129.5,91,48,102.5,33.5,43.5,158,606.5,533.5,715,94,69,89,645.5,56,81.5,56,152,82.5,103.5,45.5,45.5,149.5,61,34.5
"P17658",35.5,37.5,38.5,40.5,109.5,36.5,93,47.5,55.5,49,124,154.5,198,237,40.5,43,84,131.5,48,47,74,90.5,160.5,78,36.5,54.5,50.5,57.5,54.5,46,42.5,1649.5,2767,40,35,47,74.5,1678,1587.5,1604,45.5,56,32.5,37,35.5,75.5,51.5,39,36,40.5,42,110,122,40.5,57,45,76.5,71.5,75,43,44.5,36,35.5,55,63.5,68,80,52,34.5,58.5,736,49.5,41.5,46.5,49,243.5,56,43.5,36.5,49,41.5,203,105,35.5,65.5,43,38.5,67,111.5,83,145,42,722,51.5,88.5,48,40.5,64,69.5,1597.5,126,103.5,45.5,45.5,47.5,47,68,119,129,784.5,132.5,60,73,46,56,701.5,41,46.5,46,65.5,39,40.5,108,45.5,1434,34.5,52.5,29,75,92,43.5,584,81.5,39,84,96.5,49,66,78,44.5,35.5,92.5,74,48,46.5,562,58.5,61,46,517,519,43,53.5,50.5,58.5,97,703.5,42.5,53.5,622,90,90.5,707,56.5,44.5,1494.5,112,53,44,37,586,46.5,54.5,58.5,97.5,104,606.5,47.5,72.5,199,117.5,704.5,118,50,67,678,120.5,74.5,44,105,40.5,48.5,139.5,571,525,675,75,64,64,646.5,35,71.5,38,110.5,70,73.5,65.5,37.5,115.5,39.5,36.5
"P17787",438.5,54,212,36,52.5,229,38,172,61,36,43,52,44,49.5,58.5,41,65,52,195.5,50.5,50,40,58,56,411,970.5,39,873,982.5,55.5,214,61,40,2662,197,195.5,56.5,48,36.5,36,212.5,210,182,191,197.5,47.5,989,1624,217,1178.5,202,60,50,865,40,52,43,48.5,37.5,1217.5,571,220,205,42,54,39,34.5,169,196.5,36.5,40.5,36.5,39,41.5,35,61.5,46,50,45.5,56,31.5,71,35,42.5,51,172.5,37,41,72,60,52.5,47.5,39.5,823,64,994,51.5,999,38,50,45,89.5,60.5,55.5,45.5,55.5,45,65,58.5,48.5,57,52.5,64,57,44.5,42,39.5,46,40.5,48,1214,1147,51.5,51.5,40,181,48.5,43.5,160,57,44,48,43.5,250.5,46,43,51.5,43.5,43,47.5,190,45,42.5,65.5,55.5,46,47.5,50.5,82,51.5,41,391,55.5,51.5,50,46,45.5,51.5,57.5,33.5,42.5,51.5,44.5,52,45.5,37,51,44,39,207.5,57,42,749,66,46.5,54.5,49.5,77,37.5,54,45.5,57.5,59,39,58,45,50,56,36.5,49,724,37,52.5,47.5,45,40.5,56.5,40.5,45,38,205.5,49.5,51.5,51,59.5,55.5,59,39.5,67.5,51.5,39.5
"P18505",174,51.5,812,39.5,56,859.5,35,913.5,87,40,50.5,57,44,47,37,59,58,61.5,780,60,49,43,64,54,159.5,155.5,42,154.5,200.5,59.5,721.5,41.5,35,197,2477,794.5,64.5,38,40,45.5,770,781.5,849,1930.5,840,64,192.5,200,724,220,726,59.5,58,201,39,47,49,71.5,42,210,219,744.5,1961,40,35,49,46.5,732.5,748.5,59,54,48.5,35.5,43,35.5,38,52,48,35.5,64,42.5,48,44,41,48,673.5,48,43.5,61,73.5,54.5,40,45,165,59.5,207,34.5,163,39.5,48.5,50,43,53,56,57,40.5,43,60.5,50.5,41,52,53.5,46,67.5,46,58.5,39,59.5,57.5,53.5,246,216,62,50,59.5,706.5,44.5,32.5,141.5,51.5,52.5,39,61.5,59,49,51.5,63,39.5,51.5,61,753.5,49.5,55,47,60,35,55,47.5,67.5,38,36,194,32,62,44,56.5,71.5,46.5,30.5,42,45,61.5,50.5,53,43,49,64,52,35.5,719,44.5,30.5,213,46,61.5,58,50.5,58,42,47,64.5,47,72,66,46,44.5,62,39.5,33.5,62.5,233,42,65,33,33.5,47.5,42.5,41,45.5,40.5,1012,52.5,74,55.5,63.5,43,45,39,70.5,34,47
"P18507",182,54,612.5,33.5,70.5,669,43,760,40.5,33.5,46.5,48.5,42,49.5,38.5,43.5,41.5,54.5,717.5,63.5,48,40,59.5,62,177.5,173,48.5,168.5,186,47.5,996,40.5,47,195.5,794.5,2503,43,34,39,35,707.5,693,651.5,760,654.5,45.5,162,216,959.5,255,1018.5,58,50.5,207.5,45.5,41.5,40,41,48,223.5,194,957.5,768,38,42,70,49,600,992.5,44,60.5,44,51.5,44.5,50.5,45.5,39.5,49.5,48.5,66,42,48.5,35.5,34,51.5,1077,42,35.5,62,54,49,31,54.5,153,74,181,28,199.5,30.5,37,51.5,43,55.5,35.5,39.5,47,54,55,58,54.5,53,62.5,55,40.5,35,45,35.5,45.5,49.5,62.5,233.5,214,72,48,40,1033.5,56.5,35,138.5,45.5,56,39,39.5,69.5,56,61.5,51,41,40.5,44.5,1856.5,56,44,54,45,52,50,55.5,42,48.5,36,177.5,49,63,39,60,38.5,37.5,40,41.5,49.5,42.5,59.5,54,47.5,41.5,49,35.5,43,1708,41,33.5,196.5,45,42.5,65,53,56.5,41.5,41,44,63,58.5,64.5,50.5,80.5,51,35.5,34.5,70,203,33.5,64.5,44.5,56,75,40.5,49,39.5,40,632.5,52,64.5,63,43,38.5,39,36.5,74,40,67.5
"P21817",52.5,81.5,57,65.5,132,53,67.5,52,128,55,56,86.5,83,72,47,72,94.5,113,49,76.5,81,45,111,86.5,54,54.5,46.5,57.5,58,81,48,62.5,74.5,56.5,64.5,43,26426,83.5,88.5,99,55,51,61,56.5,59.5,111,53.5,63.5,50,52.5,54,77.5,115.5,52,73,74.5,58,87.5,69,71,49,50,77.5,50,77,50,56.5,61,63.5,59.5,50.5,59.5,54,60,57,73.5,67.5,52,59.5,70.5,60.5,59,69.5,46.5,56,55,48.5,52,117.5,73,85.5,87.5,70,68,65.5,47,39,61.5,74,54,73.5,82.5,67.5,88.5,72,60.5,63.5,96,99.5,87.5,134,608,551,599.5,93,88,59.5,83,71,17337,54,55.5,93,75,60.5,47,73.5,42.5,54,80,66,80,60,70,64.5,90,65.5,54.5,65.5,67.5,50,94.5,56,76.5,67,54,75.5,101,63,68,79,53,115,17320.5,57,88.5,76,88,66.5,56,76.5,68,63,119,56,66,85,56.5,59.5,43.5,81.5,48.5,53,76.5,80.5,75,62.5,100.5,80,76.5,66.5,61.5,77.5,123.5,75.5,54,101.5,92.5,54.5,68,47,58,86,74,69,62.5,96.5,79,96,55.5,57,74,68.5,78.5,76,154,71,62,92,56.5,59.5
"P22001",42,42.5,42.5,54,126.5,36,87,45,75,45,131,154.5,243.5,257,56.5,47.5,112,123.5,45.5,50,72,87,158.5,74.5,44,45.5,59.5,55,49,46,41,1863,1678,48,38,34,83.5,3013,1742.5,1674,46,51,36.5,33,33.5,86,38.5,40.5,40.5,44,46,129.5,124.5,51,51,55,79.5,71.5,67.5,59,47,36,38,58.5,61.5,65.5,73.5,40,43.5,68.5,733,47.5,38.5,43,48,260.5,55.5,47.5,36,50,36,251,90,37,75.5,45,39.5,66,126.5,104,149.5,52,713.5,70,64.5,39.5,43,53.5,44,1858,137.5,112.5,46.5,65,72,54,72,113,128,768.5,124,49,66.5,54,59,736,33,53.5,41,88,48,49,113.5,47.5,1509.5,45.5,54.5,39,49,85.5,49.5,577.5,82,39,91.5,72.5,53.5,66.5,131.5,46,36,84,80.5,55,46.5,583,57.5,58.5,46,537.5,535.5,41.5,52.5,60,52.5,100,728,39,57,641,95,95,697.5,72,48,1512,119.5,48,45.5,42,631.5,51,66,64.5,137,125.5,651,55.5,87.5,237.5,111.5,758.5,118.5,48.5,60,720,139.5,87.5,49.5,115.5,40.5,47.5,142,583.5,537.5,713.5,124,64,75.5,629,39,77.5,41,129.5,70.5,107,43,43,133,44,33
"P22459",39.5,42,53.5,51,119,37,89.5,41.5,65.5,37.5,119,191.5,225.5,245,45,44.5,97.5,138.5,44.5,66.5,75,84.5,116,87,51.5,43.5,42.5,37.5,55,44.5,36,1699,1587.5,36.5,40,39,88.5,1742.5,3402,1611,50,48.5,43,45,35.5,101.5,43,40.5,36,44.5,49,136.5,134,41,41,46.5,66.5,65,60,42.5,49.5,36.5,39,61,63.5,63.5,64,50.5,35.5,58,756,48.5,33,44.5,47,260.5,48.5,45.5,46.5,56,56,229,91.5,48,75.5,49.5,43,77,141,99.5,139.5,67,738,61.5,49.5,43,47.5,52.5,79.5,1712.5,137,109,62.5,48,48.5,64.5,64,133.5,127.5,734.5,127,60.5,81,68.5,64,735,43.5,46,42,94,41.5,39.5,130.5,46.5,1489.5,38.5,57,39.5,46,99,40.5,620.5,102,35.5,89.5,95,45.5,76,92.5,47.5,44.5,99,110,43.5,43,572,48,45.5,60.5,538.5,561,44.5,61.5,68,51.5,93,741.5,47,48.5,642.5,122.5,115.5,715.5,59.5,54,1476.5,131.5,46,46.5,46,637,41,35,67,97,103.5,631,52.5,78,236,111,719,133.5,60,62.5,696,109,79,43,103,50,34,125.5,606.5,537,692.5,73.5,71,79,618.5,45.5,85,53,148.5,70,90.5,55.5,39.5,135,44.5,36.5
"P22460",39,48.5,36.5,47.5,122,38,84.5,42,83,41,146.5,169,213.5,242.5,44.5,46.5,67,132,58,42,69.5,86,144.5,74.5,45,45.5,46.5,55,50.5,42,39,1621,1604,36,45.5,35,99,1674,1611,3213,61,57,37,46.5,32.5,74,43.5,41,41,42.5,32,120.5,127.5,52.5,53.5,43.5,62,62,60.5,52.5,66,33,44,53,62.5,62,66.5,55,40,71.5,723.5,55.5,51,48.5,54,252.5,46.5,45,43.5,50,41,217,105.5,34.5,69.5,47.5,54.5,63,122.5,82.5,131.5,47.5,708,58,52.5,43.5,43,62,45,1601,118,118,51,50.5,60,49,61.5,147,134.5,774,124,55.5,47,52,60.5,691,43,77.5,43,90.5,51.5,42.5,115.5,52,1499.5,40.5,65,34.5,61.5,84.5,59.5,582,87,39,74,62.5,51,75.5,87,37.5,34,76.5,67.5,44,41,560.5,58.5,52,45,512,546,43.5,68,62.5,59.5,88,706,46.5,63,628,88.5,101,683,45,52.5,1441.5,114.5,50.5,44.5,42.5,609.5,58.5,50.5,45.5,79.5,102,597,46.5,72.5,215.5,97,729,118.5,57.5,77,702,122.5,102.5,44.5,102.5,36,51.5,136,563,534.5,704,120.5,69.5,86,618.5,41,65.5,54,133,65,107.5,49,49,138,34.5,25
"P23415",167,47.5,671,36.5,50.5,716.5,49,749.5,50.5,39,46,54,38,44.5,44,59,44,43,1955,60.5,48,58.5,51,59.5,172,166.5,36,155.5,231.5,44,719,51,45.5,212.5,770,707.5,55,46,50,61,2407,1808.5,718.5,766.5,720,41.5,181,215,717,193,721.5,46.5,46,190,37,48.5,48.5,52.5,44,193,237,742,779.5,44,44,41.5,42.5,959,724.5,33,47,39,53,56,40,62.5,48.5,53,45.5,48,32.5,44,48,36.5,58,653,40,34,49,51.5,46.5,39.5,44,128,44.5,188.5,40.5,152.5,47,39,47,60.5,51.5,45,45,50.5,45,42.5,60,43.5,46,57.5,53.5,42.5,38,68,35,45,46.5,49.5,204.5,222,54.5,46,56,733,44.5,39.5,141.5,45,42.5,39,48,70,43,53.5,38,35.5,37,55,712,58.5,51,48.5,50.5,35.5,53.5,49,62.5,43.5,44,169,41,61.5,35,40.5,63,42.5,45,39.5,45,46.5,45.5,64.5,43,45,62.5,54,39.5,684.5,40.5,34,193.5,35.5,55.5,43,69,45.5,51.5,46.5,55,52.5,48,45,50,52.5,57.5,43,39.5,42,213,39.5,48.5,45.5,47,51,46.5,41.5,41,53,685.5,57,55,61,45,43.5,62.5,49,47.5,50.5,36.5
"P23416",173,49.5,691,45,46.5,721,48,757,52.5,50.5,46,53.5,37.5,40.5,51.5,45.5,48.5,50,1870.5,58.5,42,49.5,57.5,56.5,178,187,38,156,251.5,44,722,50,56,210,781.5,693,51,51,48.5,57,1808.5,2381,721,780.5,727.5,42,170,200.5,718.5,202.5,720,49,56.5,192.5,44.5,56.5,47.5,61,47.5,187,230,726.5,777.5,40.5,43.5,42.5,58,1011.5,713.5,33.5,53.5,48.5,43.5,44,45,59.5,45,54,42.5,48.5,37,42,52,31.5,52.5,649.5,40,40.5,58.5,51.5,47,46,46,138.5,59,189,42.5,167.5,51.5,44,46,54.5,52.5,51.5,53,50,48,44,67,44,50.5,60.5,50.5,44.5,33.5,53.5,36.5,55.5,52.5,60.5,194.5,234.5,59,52.5,65,740.5,47.5,41.5,142.5,51,40.5,43,45,72,38.5,56,39.5,38.5,45.5,50.5,705.5,59.5,51,43.5,42.5,32,66,48,64.5,44.5,40,179,45.5,61,35.5,55.5,57.5,46.5,42,46.5,44,37,37,61,36.5,43.5,66.5,50,41,692.5,45.5,29,195,41.5,46,41.5,52.5,42.5,52.5,46,54,61,52.5,34,51.5,61.5,51,39.5,33.5,45.5,231,36.5,49,49.5,54.5,57.5,48,44.5,48,51,687,42,53,60.5,52,37,39,50,58,47,34.5
