1.000000000000000888e+00 8.328353839115232304e-01 9.399541319930964089e-01 6.355019161282203788e-01 9.439502262461927362e-01 9.011032918025766447e-01 9.360503893174443313e-01 9.589606205617715595e-01 9.110349045038790283e-01 9.205765676649446672e-01 8.296101330742822189e-01 8.350628295024685732e-01 8.932835814833062216e-01 8.830945547062427625e-01 8.995708595081215453e-01 9.188625513290128444e-01 9.196587553978614604e-01 8.195402594926508577e-01 9.032132188790684690e-01 9.298177909708142952e-01 8.898775880643725600e-01 8.753922271968338498e-01 9.153354571444298760e-01 9.295931149815720440e-01 9.103621306266140856e-01 9.506945345344608445e-01 9.188325143682367635e-01 8.322988541649568583e-01 9.399899766722877859e-01 9.338176777938609341e-01 9.159472672052159092e-01 8.777249370685755725e-01 8.981482998927179384e-01 9.375952743394330158e-01 9.092198964208786371e-01 8.805903360263536150e-01 9.333139350096730791e-01 9.224224455015477275e-01 8.225299241693231345e-01 9.340983917483134391e-01 9.317412323525167128e-01 9.317337167990542568e-01 9.546069541123312074e-01 8.731616694733749240e-01 9.472230755452395456e-01 9.298775937839236505e-01 8.347172590104242618e-01 9.454022418867131794e-01 8.718932610015117657e-01 9.624680351565912950e-01 9.539167496218885489e-01 9.143327665563517614e-01 8.696826945199196413e-01 9.144916653584637123e-01 7.732661805580598458e-01 9.420121251617252778e-01 9.511404679394385164e-01 9.440078993319417355e-01 8.921410410261532142e-01 8.722358125658996597e-01 9.240191859391814200e-01 9.036296417229261468e-01 9.343355425463559794e-01 9.329123821859562904e-01 9.122451920503564793e-01 9.238901081189676567e-01 9.393672849501353284e-01 8.939968390191230796e-01 9.481886428502299680e-01 8.975266311084248994e-01 9.015084511190922800e-01 9.335182046689404212e-01 6.105136257697474367e-01 8.683048181725434578e-01 8.501344905072956148e-01 9.362380822742562003e-01 8.888784287671818163e-01 9.468781856865623459e-01 9.358713952754760257e-01 9.476145067630338259e-01 9.399736137360259480e-01 9.495459900137377396e-01 9.196169381395951081e-01 9.440587554909478651e-01 9.383079085234349304e-01 9.545120324946442247e-01 9.265114253999693350e-01 9.132213944539023798e-01 9.231243512881823765e-01 9.184133558011954301e-01 9.224568069854593988e-01 9.451430951425070504e-01 9.309047008834483439e-01 8.289868161302926808e-01 9.257903053241525182e-01 9.170671419864377949e-01 8.556203666367308003e-01 9.314405453419168923e-01 8.519342678225158005e-01 9.406751810248692447e-01
8.328353839115232304e-01 1.000000000000000000e+00 8.933663729888817739e-01 7.835529140754686761e-01 8.592197390784175326e-01 8.766772030356251300e-01 9.202315488602617055e-01 8.481967776879076881e-01 8.858702317048670061e-01 9.019456717106224541e-01 8.706512699856281401e-01 8.872306695082083916e-01 8.627129680525290611e-01 9.177099146607301527e-01 9.204080760229413904e-01 8.774873673884362457e-01 8.580256410462445693e-01 8.518745121432940159e-01 9.365765950115824134e-01 8.513592681374335669e-01 9.224952437264692939e-01 9.144545700185395809e-01 8.863207552989826876e-01 8.917613367373600219e-01 9.187844771117642528e-01 8.195048617631033316e-01 8.500871553914439716e-01 8.919584589196145608e-01 8.676801696756033522e-01 9.068865632352193229e-01 9.210552764526145353e-01 8.572628646344040426e-01 8.307934684266092829e-01 8.981106600530147643e-01 8.835916376019798957e-01 9.148996393236210611e-01 8.326739385091164181e-01 8.732973666475141172e-01 9.159164231945666756e-01 9.115724593061489411e-01 8.448019847661016879e-01 8.319981823994013759e-01 8.382576368688666735e-01 9.223542352269735733e-01 8.397541648890138877e-01 8.397876249158089390e-01 7.501321288560875988e-01 8.677549814748406476e-01 8.512233096968409019e-01 8.258110333604558040e-01 8.331011344542417207e-01 8.771404115639331867e-01 9.047306028720691895e-01 8.367871455252751112e-01 8.859851679143025960e-01 8.249816997534287211e-01 8.740267721740972995e-01 8.842595355509961230e-01 8.974290563293924050e-01 8.594172639203583319e-01 8.625742888931187125e-01 9.175471625446899315e-01 9.078963545197533680e-01 8.588037587730822375e-01 8.502646045198931635e-01 8.836858887165266463e-01 8.994286685449734975e-01 8.891776283412939907e-01 8.524814251531820375e-01 8.826606994562452568e-01 8.515238663441295763e-01 8.663855362297712137e-01 8.090478506642493350e-01 8.422879234065271392e-01 9.123478182030029249e-01 8.611327095084041483e-01 8.719035720353160990e-01 8.417960712571459503e-01 8.959011018288355332e-01 8.590315852373773264e-01 8.514446025594486489e-01 8.585684307616010535e-01 8.731038780255994114e-01 8.692306920347387944e-01 8.512732503223365832e-01 8.575906982021550551e-01 8.530453204369641274e-01 9.042004675092989441e-01 8.887980083769480011e-01 8.691979514560755904e-01 8.700997130954620795e-01 8.727195026262750677e-01 7.986847456266503720e-01 8.666897237468915716e-01 8.682845549048634481e-01 8.490126337302148496e-01 8.652801687699480659e-01 8.858486210161619079e-01 9.119060436875807696e-01 8.555406352745531517e-01
9.399541319930964089e-01 8.933663729888817739e-01 1.000000000000000666e+00 6.647249731247251159e-01 9.423002957046493488e-01 9.230217819200501328e-01 9.551867924864932968e-01 9.492256729947168292e-01 8.962532703511356669e-01 9.503997918582274274e-01 7.999216904874415501e-01 8.418493967666049738e-01 9.145967994038516347e-01 9.203169437521279139e-01 9.273658017888470884e-01 9.428187423361844566e-01 9.449224410111529693e-01 8.187495581022699032e-01 9.068085200075430841e-01 9.590152141079361092e-01 9.157982544047900131e-01 8.897202659001890446e-01 9.094855151086116418e-01 9.185305008234709856e-01 9.330521494164374374e-01 9.216096136176377129e-01 9.453707033398321968e-01 8.780029658000840787e-01 9.494948496338507793e-01 9.449613297481042062e-01 9.426653174728185647e-01 9.078749292553638384e-01 9.188504400881964962e-01 9.434363731764860983e-01 9.082230846005383551e-01 8.856862841744737036e-01 9.094709379211485256e-01 9.295073730046036209e-01 8.550793325871475226e-01 9.248552502230367178e-01 9.513193890322240165e-01 9.283146745342094608e-01 9.415503286532855842e-01 9.252858512212440711e-01 9.217621606385262290e-01 9.223546070234074357e-01 8.092603634215458364e-01 9.481827435315639541e-01 8.824007608953629012e-01 9.301408140285802872e-01 9.386887248671142991e-01 9.300807653633373917e-01 8.830512707212048173e-01 9.218478769275855189e-01 8.184471187946100734e-01 9.076785700530685119e-01 9.448712215944510273e-01 9.212154580562454953e-01 8.762834399603244284e-01 9.285719281691228177e-01 9.204231775459699172e-01 9.250139254353917373e-01 9.245334708720021055e-01 9.501629753770621800e-01 9.508730667279146065e-01 9.271683359201119412e-01 9.386850308772659579e-01 9.398320761866538753e-01 9.546611072172137558e-01 8.719890281890172457e-01 9.199422290538168401e-01 9.551632380438233039e-01 6.300765317398330234e-01 8.292910457968947213e-01 8.534564288736162796e-01 9.533117321108266484e-01 9.410090051794016697e-01 9.436713106538667795e-01 9.279166657912580884e-01 9.676959980474624246e-01 8.990748475402270401e-01 9.623027289858607780e-01 9.539736714769815329e-01 9.415996082246183008e-01 9.347974591306472680e-01 9.599617892095249072e-01 9.359979565531255652e-01 9.459391060408799401e-01 9.574406167142597290e-01 9.356263163878735245e-01 9.337320749688353683e-01 9.593440394413974559e-01 9.071496719306005874e-01 8.377230448786243677e-01 9.709352869789140694e-01 9.240337196893857463e-01 8.393828982893697388e-01 9.210407329927052800e-01 8.613577397181324535e-01 9.340771784258337096e-01
6.355019161282203788e-01 7.835529140754686761e-01 6.647249731247251159e-01 1.000000000000000666e+00 6.579313851001575841e-01 6.923076992011162334e-01 7.036103217619043004e-01 6.546630690849749579e-01 6.769952623786150703e-01 7.069324003865486983e-01 8.241218292457059835e-01 7.928594270067027550e-01 6.525714276629356325e-01 8.047291924839183874e-01 7.320386402131549008e-01 6.952637769143660273e-01 6.728496885454235965e-01 7.429038629365231072e-01 7.665738256568547238e-01 6.740274875741343319e-01 7.239000894490768001e-01 7.379972522810628321e-01 7.252931748552460256e-01 6.751978287692710357e-01 7.339429877979839478e-01 6.345917934595471932e-01 6.749716812535067056e-01 7.370959265199172883e-01 6.890351388643873864e-01 7.173194390593542469e-01 7.444278060894415905e-01 6.833031150603717796e-01 6.062149048247831296e-01 6.772128288568830534e-01 7.329151899815825599e-01 7.391844933587452537e-01 6.525546925693606060e-01 6.888351405362732605e-01 8.175222982632059932e-01 7.138931091362369363e-01 6.720528202933011563e-01 6.447977523553456436e-01 6.460655125881500371e-01 7.287375821495907235e-01 6.225963857697955905e-01 6.285937265221401837e-01 6.307069577515280745e-01 6.641871462025012995e-01 7.010725083509935507e-01 6.402334081531191323e-01 6.496330437113594369e-01 7.088160331618571508e-01 7.282841279674920898e-01 6.700233237510779816e-01 8.449683867231190249e-01 6.465920095229960030e-01 6.800254764996316315e-01 6.806901794645832116e-01 7.159220959544078111e-01 7.183554214628583567e-01 6.730609472596106313e-01 7.200898578001631023e-01 7.151104058368542571e-01 6.749027983040469802e-01 6.552119091234185344e-01 6.926042457009871089e-01 6.945257966877076417e-01 7.180706859475634030e-01 6.374964788390242720e-01 7.906027117823117845e-01 6.906780925388069647e-01 6.654573931499176975e-01 9.207061423412745693e-01 6.989315662906486759e-01 7.581931495909678409e-01 6.463818690472376005e-01 6.809828982007624099e-01 6.359520889799001875e-01 7.094859083203397532e-01 6.536643736942455707e-01 6.773156939819411360e-01 6.154856864493112312e-01 6.769902960020350857e-01 6.520984952855437555e-01 6.431704392440147355e-01 6.412761193828866446e-01 6.561264822014980513e-01 7.329800367457739441e-01 6.797417700889889502e-01 6.968875712519537746e-01 6.900640284368566579e-01 6.591082171678295243e-01 6.053799580395700097e-01 7.919486505787604047e-01 6.889603193538862413e-01 6.882093177633820114e-01 8.327115515384131417e-01 7.334109261025496540e-01 7.704680307155304941e-01 6.674942763435935955e-01
9.439502262461927362e-01 8.592197390784175326e-01 9.423002957046493488e-01 6.579313851001575841e-01 1.000000000000000666e+00 8.808702907236284352e-01 9.357646308328343432e-01 9.378603574478243665e-01 9.111611636784848756e-01 9.509838238790792042e-01 8.194149189345194539e-01 8.522448463182474843e-01 9.125358544467885302e-01 9.145700370741840501e-01 9.253182211872892360e-01 9.373569162891866036e-01 9.611419182240135139e-01 8.264498163097261374e-01 9.088528844447010258e-01 9.261641909812259321e-01 9.045383694329836022e-01 8.919905049682542719e-01 9.307748978869627710e-01 9.461052294704045407e-01 9.453773963648308687e-01 9.679962046671405362e-01 8.982261628950306553e-01 8.419522638782008794e-01 9.565566112455377024e-01 9.576190207453945114e-01 9.340124852967475189e-01 8.651576682358093073e-01 9.134215855759022507e-01 9.539133466700008279e-01 9.181957962680500351e-01 8.825282281323576505e-01 9.342130766228209371e-01 9.285262449814408736e-01 8.587915004750130699e-01 9.434529795076358472e-01 9.360990301571733285e-01 9.470584105091892635e-01 9.561327870290585729e-01 8.818764758132666692e-01 9.438107667939570344e-01 9.466656253889524919e-01 8.922546333281902164e-01 9.662560212406690052e-01 8.671029954648673543e-01 9.563511570083629287e-01 9.529897080477545135e-01 9.423983950459966508e-01 9.164423755239614611e-01 9.260610634179839984e-01 8.268515225587012019e-01 9.389970039789535816e-01 9.680321227279643503e-01 9.540736178206099538e-01 9.023546284771120085e-01 8.836718016971241152e-01 9.453515888153458668e-01 9.026967743252385379e-01 9.492361301808477370e-01 9.317008685373600052e-01 9.103997547801583323e-01 9.397017113835599567e-01 9.539344183007396616e-01 9.129633079556670472e-01 9.728391050764475523e-01 9.011722815113140106e-01 8.868409496271836279e-01 9.620336517554597400e-01 6.362652211947499303e-01 8.464467281413239341e-01 8.609463183908871997e-01 9.687469267993165101e-01 9.305046505144147773e-01 9.783790404791944395e-01 9.290742248851149299e-01 9.586642056235292753e-01 9.264645929241457356e-01 9.441274406507095263e-01 9.158370472343797530e-01 9.677885385718562050e-01 9.507510436038770774e-01 9.583937017496372279e-01 9.340445944873876361e-01 9.419331675755164834e-01 9.013437099836727473e-01 9.176789335180461915e-01 9.650083843402983419e-01 9.670402986659797362e-01 9.406065770695235528e-01 8.236673637450030450e-01 9.136766029820034829e-01 9.324331382769370791e-01 8.718727276931055314e-01 9.139026571921335940e-01 8.769828847623886148e-01 9.598711290174191113e-01
9.011032918025766447e-01 8.766772030356251300e-01 9.230217819200501328e-01 6.923076992011162334e-01 8.808702907236284352e-01 1.000000000000000222e+00 9.229686738809304014e-01 8.991881540643459347e-01 8.784279339450734581e-01 8.875965668726299995e-01 8.504440302106323069e-01 8.569575550718911972e-01 8.473849112037232789e-01 8.839600644020813025e-01 9.037169308798347345e-01 8.694088397508802357e-01 8.807511353609693838e-01 8.312621823065933224e-01 8.919905327794137584e-01 9.222157620856037408e-01 9.047814433757491726e-01 8.901297966985985965e-01 8.957817746979034323e-01 8.938882722993224395e-01 8.959510483943528003e-01 8.750526810338257189e-01 9.031002002912511539e-01 8.550266193910737167e-01 8.973328561535026671e-01 8.989057935870575777e-01 8.974834656757780804e-01 8.713175931380625627e-01 8.779946763115733521e-01 9.105415927277318300e-01 8.947325621018022979e-01 8.792950044029455015e-01 8.795769855086196243e-01 8.764848213198779270e-01 8.272156851724620230e-01 8.972933610034129481e-01 9.047483284901427503e-01 8.615077906016672671e-01 8.875069814331578710e-01 9.149408502454992043e-01 8.736341026356012618e-01 8.736880304496705829e-01 7.545166507771645659e-01 8.952687762537400173e-01 8.743644620992355732e-01 8.874060213784414897e-01 8.998296552724827091e-01 8.806094017411847386e-01 8.562789118181538539e-01 8.881114478307023941e-01 8.032494421454496880e-01 8.678262321663530177e-01 8.851228226495965190e-01 8.933339739566691362e-01 8.843337154690482649e-01 8.728518664997624299e-01 8.842493011293413030e-01 9.085043259434368856e-01 8.975246018979029516e-01 9.166348813615794455e-01 9.175630167980163288e-01 8.711725234260722095e-01 9.143955765994582485e-01 8.767834691700873151e-01 8.917871330859150625e-01 8.772304939307571381e-01 9.057133051958209391e-01 8.949054799903648494e-01 7.122408300611493548e-01 8.493731890102161897e-01 8.790398534831679322e-01 8.890958291507696787e-01 8.730303302105069108e-01 8.769026308592902108e-01 9.106933909253083215e-01 9.202599332320136050e-01 9.068539990910791104e-01 8.956700955282251853e-01 9.004866976586696214e-01 8.843217294553270547e-01 8.833476594380680336e-01 8.972127035082083646e-01 9.022308113008730146e-01 8.911888908245237939e-01 9.048427998087187341e-01 8.864061546298475092e-01 8.677465907534254175e-01 8.951670790446664139e-01 8.545771654719145349e-01 8.730659789611012744e-01 9.138189753087770928e-01 8.557158862483120743e-01 8.547222251749304611e-01 8.967138578671367544e-01 8.613852894046192255e-01 8.814105083407441921e-01
9.360503893174443313e-01 9.202315488602617055e-01 9.551867924864932968e-01 7.036103217619043004e-01 9.357646308328343432e-01 9.229686738809304014e-01 1.000000000000000444e+00 9.332957860259571969e-01 9.534067888739408136e-01 9.430717431072876966e-01 8.789274536324024334e-01 9.016198162513453518e-01 9.028410509804994932e-01 9.393526279011280566e-01 9.609732526318776058e-01 9.306875387489841334e-01 9.302141124108611603e-01 8.362697564023859886e-01 9.569479843705227529e-01 9.272353770617718371e-01 9.649130536099626010e-01 9.451086692611481155e-01 9.376972037370635560e-01 9.683991840168058030e-01 9.627455062417955567e-01 9.183258520787141999e-01 9.399691199227018235e-01 8.917061667560066685e-01 9.449435837188727705e-01 9.755893263668411475e-01 9.650370412461541925e-01 8.898566772193567953e-01 8.873227952221007797e-01 9.641086351814427413e-01 9.296002041988773446e-01 9.278135585137048391e-01 9.133620160400923726e-01 9.253456888121169843e-01 8.855990881283749561e-01 9.650603872692387064e-01 9.420774473792572490e-01 9.241380986771796646e-01 9.336258390691889453e-01 9.445124741757213727e-01 9.216824361883875216e-01 9.212578476096329183e-01 8.078713836504521906e-01 9.449312031711318838e-01 8.992198816447032339e-01 9.268621706187367693e-01 9.320404136365671999e-01 9.294252665710699413e-01 9.155741411574140898e-01 9.136812525175628252e-01 8.460694393825312076e-01 9.003053979223141212e-01 9.453780220490087816e-01 9.640634330085717796e-01 9.263894907970241510e-01 9.057022494226231180e-01 9.248322742174798217e-01 9.693672932279419063e-01 9.570714043588692821e-01 9.241756996375052324e-01 9.247736803420738561e-01 9.310579664730518346e-01 9.665291303726690764e-01 9.284454419157233129e-01 9.466639555089525482e-01 9.256826365093006048e-01 9.211259999384660002e-01 9.394444196414377668e-01 7.117164788944156939e-01 8.941556729341932908e-01 9.208937038032156686e-01 9.419275712654674448e-01 9.258757251459124316e-01 9.299149260607666445e-01 9.507049551072487281e-01 9.484260025431197061e-01 9.334148406498308237e-01 9.297027645432677234e-01 9.492977080774801513e-01 9.407467272259528723e-01 9.270078825319606475e-01 9.510163155967952253e-01 9.166730560693090446e-01 9.453963850095887800e-01 9.229678108064620634e-01 9.282128299724965448e-01 9.239577270274617060e-01 9.488283495109641752e-01 9.005471930926143287e-01 8.561881413298961796e-01 9.431140697467057521e-01 9.113159282713334530e-01 8.820876207025172278e-01 9.404941629546357262e-01 8.966672844322012281e-01 9.288432066007947796e-01
9.589606205617715595e-01 8.481967776879076881e-01 9.492256729947168292e-01 6.546630690849749579e-01 9.378603574478243665e-01 8.991881540643459347e-01 9.332957860259571969e-01 1.000000000000000888e+00 9.007572089387059222e-01 9.279201182563464601e-01 8.385100660520738991e-01 8.367776164987401621e-01 8.985441136945271356e-01 8.993404649982728039e-01 9.244447748951314381e-01 9.260957183403992765e-01 9.246438633822418041e-01 8.316361040395894300e-01 9.034817231902625423e-01 9.316914013294399499e-01 9.074699707330032838e-01 8.888685542869869671e-01 9.155095076260657549e-01 9.133753266379817104e-01 9.251561818132122417e-01 9.284826936301632250e-01 9.165667374162336234e-01 8.838029663320114970e-01 9.397878059496225234e-01 9.264122138625097147e-01 9.288235472731944942e-01 8.853000447441385923e-01 9.006308950079333631e-01 9.440022610365934597e-01 9.120939824691693953e-01 8.793378582508895036e-01 9.207451436883642426e-01 9.300274306272494629e-01 8.471006449393313487e-01 9.247639306875126142e-01 9.318037989665738374e-01 9.242764347236529510e-01 9.419421277473712939e-01 9.084277715823130261e-01 9.328000527045199330e-01 9.332240673604385028e-01 8.272424167552629992e-01 9.422959806293822460e-01 8.805173333163462956e-01 9.377090497045897921e-01 9.400675046131613533e-01 9.277223458954764190e-01 8.765774110306412403e-01 9.192225826023807667e-01 7.952514916324555649e-01 9.261338321972552023e-01 9.423222417279453200e-01 9.303375597229542882e-01 8.967610146117991343e-01 8.994490629698719264e-01 9.306512737202248253e-01 9.012780348339146652e-01 9.339409943691874272e-01 9.259642939085617197e-01 9.071949572829939301e-01 9.272978203036905676e-01 9.417066302442173020e-01 9.213420723997920447e-01 9.435147486000918793e-01 8.836292168436112870e-01 9.103315154415406729e-01 9.315114684737674233e-01 6.309564603122261861e-01 8.994274948796787683e-01 8.618224574009807348e-01 9.317332779894800243e-01 9.054915610995741826e-01 9.330331702916445646e-01 9.299645599050472278e-01 9.443747937775645029e-01 9.364087458385210727e-01 9.328218672974621928e-01 9.359150156311508706e-01 9.372837316339110991e-01 9.269455184430173134e-01 9.457738082710993588e-01 9.210400412105756995e-01 9.258060899844817726e-01 9.448072988132562022e-01 9.265892478906749830e-01 9.290456141603213869e-01 9.439016866094432912e-01 9.200586959462974113e-01 8.284609585742561677e-01 9.300365827112895278e-01 9.156144522771606509e-01 8.411338373105881061e-01 9.584890654772034724e-01 8.520159480368987293e-01 9.316859645466644135e-01
9.110349045038790283e-01 8.858702317048670061e-01 8.962532703511356669e-01 6.769952623786150703e-01 9.111611636784848756e-01 8.784279339450734581e-01 9.534067888739408136e-01 9.007572089387059222e-01 1.000000000000000222e+00 8.905368191311364701e-01 8.622883699491306064e-01 8.661379016713091072e-01 8.879424740200811961e-01 8.863916219898584359e-01 9.151565723288768162e-01 8.835489765438364618e-01 8.721368793880628356e-01 7.967460704044251329e-01 9.306667198706521926e-01 8.667191753694238887e-01 9.196887325360334486e-01 9.259133322407291367e-01 9.124522767596735529e-01 9.675186861499660562e-01 9.165647724538855678e-01 9.095353869640657729e-01 8.923732294609481031e-01 8.460811876980278701e-01 9.047380994308249491e-01 9.428381302796968733e-01 9.105333673583315690e-01 8.743027549264124065e-01 8.779208808763907523e-01 9.512286485676110237e-01 8.984333409209942500e-01 9.351025200894964584e-01 9.075389604484833672e-01 9.086902850292100098e-01 8.442717972117298464e-01 9.458308801794246268e-01 8.797770449996438202e-01 8.915463024802670056e-01 9.092462513600814145e-01 8.910744558936170012e-01 9.274250737358995522e-01 9.385697313338363656e-01 8.492245123499417847e-01 9.320681735569199544e-01 8.459420639807757603e-01 9.037008432761706178e-01 8.998504004412741786e-01 8.949050458380072293e-01 9.061876356289920720e-01 8.623700932382156736e-01 8.051075672021823504e-01 8.960906953281073672e-01 9.318637313343267614e-01 9.536402969867392443e-01 9.300909755915574006e-01 8.345516048176462309e-01 9.046844179095552274e-01 9.294877405169272855e-01 9.299188431301745883e-01 8.954413967363769045e-01 8.701781637083647603e-01 8.906408995102667037e-01 9.504486177661224389e-01 8.592307357232422671e-01 9.091549550003292790e-01 9.160790905887943314e-01 8.780780344144049065e-01 8.837330558966355332e-01 6.999631292151969886e-01 8.923696447613842508e-01 8.928479663489800044e-01 8.908221329907679564e-01 8.496120833542474271e-01 8.846407708081380772e-01 9.319530443264896213e-01 8.943321074708319163e-01 9.198530045405477473e-01 9.235016405985400079e-01 8.916813273795716199e-01 9.326084461524848379e-01 9.084587624432984843e-01 9.171231319251837988e-01 8.854978054748158245e-01 8.867174196207279202e-01 8.770905395604884358e-01 9.002803749977182912e-01 9.167526924742985805e-01 9.071857469316437772e-01 8.976647893496736419e-01 8.161506921460952579e-01 8.690110048713797219e-01 8.481798984997217516e-01 8.557032047831522048e-01 8.969962032904639226e-01 8.722695344998654399e-01 9.043899680720708378e-01
9.205765676649446672e-01 9.019456717106224541e-01 9.503997918582274274e-01 7.069324003865486983e-01 9.509838238790792042e-01 8.875965668726299995e-01 9.430717431072876966e-01 9.279201182563464601e-01 8.905368191311364701e-01 1.000000000000000222e+00 8.225571458649811873e-01 8.606544556869972773e-01 9.231804947110971993e-01 9.381507296535920304e-01 9.377613836002345327e-01 9.623201746396872203e-01 9.456165121998312273e-01 8.357333031784835997e-01 9.308959693382435896e-01 9.420680371842575784e-01 9.214466577434134997e-01 8.998371798057288595e-01 9.155798115848565732e-01 9.227383850230255202e-01 9.512179552934505455e-01 9.194040807144869820e-01 9.169613037062604999e-01 8.998624513095916377e-01 9.696430550015899819e-01 9.478546451984769527e-01 9.605209036477646567e-01 9.131708484327384356e-01 8.847901764527248414e-01 9.426775019165096747e-01 9.317929661153089294e-01 8.960560924124449933e-01 9.226890420189648445e-01 9.543833968357258168e-01 8.696285694078953465e-01 9.374560575351947866e-01 9.366002597368032756e-01 9.304107596295994043e-01 9.468325055180190075e-01 9.107460017015853726e-01 9.179297095537042317e-01 9.159022017296210016e-01 8.346254647097531842e-01 9.487025508427289200e-01 8.962973958375665129e-01 9.293707682819153382e-01 9.390266955586565878e-01 9.544876102942900786e-01 9.506389802317551929e-01 9.235225535562613386e-01 8.665149228593982400e-01 9.160062114189386762e-01 9.511420252089601846e-01 9.269557198876354764e-01 8.908573939645706430e-01 9.226688379264791351e-01 9.370866695194169926e-01 9.017653020349485349e-01 9.432463744843504472e-01 9.359167459150294910e-01 9.148267474074566197e-01 9.562929951277416851e-01 9.432268190169437183e-01 9.722082664337257096e-01 9.458024375158248231e-01 8.973540633701950764e-01 9.062066390616112521e-01 9.631543881750589398e-01 6.700693913963612358e-01 8.365249453135004121e-01 8.657138044256520448e-01 9.577734539545852410e-01 9.436536906377925860e-01 9.468447506698791649e-01 9.369869667433756710e-01 9.513138820852842237e-01 9.006775176261568872e-01 9.174390367062226215e-01 9.361624471548917192e-01 9.510352684662878309e-01 9.409380183050837232e-01 9.533160560004255712e-01 9.330538519976789846e-01 9.620017910051508192e-01 9.345527151946004807e-01 9.578163321645069006e-01 9.590677155128208842e-01 9.639809200356195262e-01 8.996224632614622241e-01 8.415573761150605403e-01 9.476512163269987798e-01 9.316377691583765941e-01 8.608704709763579377e-01 9.211520800979273726e-01 9.155095478782795393e-01 9.504676142060408672e-01
8.296101330742822189e-01 8.706512699856281401e-01 7.999216904874415501e-01 8.241218292457059835e-01 8.194149189345194539e-01 8.504440302106323069e-01 8.789274536324024334e-01 8.385100660520738991e-01 8.622883699491306064e-01 8.225571458649811873e-01 1.000000000000000888e+00 9.003841172054513065e-01 7.875410476234943058e-01 8.835170307719336646e-01 8.747573274762779905e-01 8.042551375059423524e-01 8.026458575727342115e-01 8.093464955832982977e-01 9.008296116003984277e-01 8.042094513863926597e-01 8.888661508491232377e-01 8.891878752615166581e-01 8.907069567690866219e-01 8.718776607639620035e-01 8.895382069482897780e-01 8.096111485424388743e-01 7.876076024013931587e-01 8.133133191168118170e-01 8.225776279487677645e-01 8.684642403022244661e-01 8.686647389940016506e-01 7.845512967102209467e-01 7.691183525426064094e-01 8.610281279161526857e-01 8.793797254838756627e-01 8.576892966200946322e-01 8.130892609346955791e-01 8.201082514586410799e-01 8.565686925188267242e-01 8.812629002233165476e-01 8.110545993443093460e-01 8.084163192541226062e-01 8.177174706765293344e-01 8.538721941200067000e-01 8.088813262283355288e-01 8.042913438984198304e-01 7.361536698321555772e-01 8.239954573459957743e-01 8.153623824781144336e-01 8.265954224442393361e-01 8.248844764598499690e-01 8.355536088827963948e-01 8.487651099495118201e-01 8.158487413545085776e-01 8.631797202247437628e-01 8.159716195189974375e-01 8.267356369176558362e-01 8.775631752766324123e-01 9.054106270781534516e-01 7.875854268140313197e-01 8.381671907116178266e-01 8.754064199724620465e-01 8.775971609962598396e-01 8.079116792491995991e-01 7.761382202855513501e-01 8.286861532228984029e-01 8.792652613777569570e-01 8.009099669746201355e-01 8.101906347217483484e-01 9.327891809667131495e-01 8.214287843444043613e-01 8.119254730034677348e-01 8.555700254395331994e-01 9.076606599984116119e-01 9.071405915252011010e-01 8.048447370341320628e-01 7.826198488998101777e-01 8.028782037284583062e-01 8.715061433930639812e-01 8.151720970887879059e-01 8.988253931586357437e-01 7.919724765026336932e-01 7.976152174962058972e-01 8.173726259231497426e-01 8.124012545328447299e-01 8.111368964879062116e-01 8.102686821280415952e-01 8.495383657809405520e-01 8.116185184267823427e-01 8.210405172668886475e-01 8.154730318191563132e-01 8.137747072858551034e-01 8.017310444591321250e-01 8.713826313981081206e-01 7.993964591059989910e-01 7.983420425936191833e-01 9.086051007870765694e-01 9.131782502371466048e-01 8.716592698736292943e-01 8.212492866828511318e-01
8.350628295024685732e-01 8.872306695082083916e-01 8.418493967666049738e-01 7.928594270067027550e-01 8.522448463182474843e-01 8.569575550718911972e-01 9.016198162513453518e-01 8.367776164987401621e-01 8.661379016713091072e-01 8.606544556869972773e-01 9.003841172054513065e-01 1.000000000000000888e+00 7.921217804863965872e-01 9.237803591691785554e-01 9.217456798851899613e-01 8.293768361588551574e-01 8.511540886792128280e-01 8.328891286328325982e-01 9.240905297471242452e-01 8.344058902544722045e-01 9.168044266047302715e-01 9.098032277132708234e-01 8.965190425855633638e-01 8.906825004365632736e-01 8.962224188821366067e-01 8.287091879234591563e-01 8.255247385157225004e-01 8.365524987409955759e-01 8.585203942241736996e-01 8.934828595951209707e-01 9.083601167084074390e-01 7.863371862676278301e-01 7.855920282399364574e-01 8.841659923340363658e-01 8.691054229565585709e-01 8.663915275296470986e-01 8.245092622945568994e-01 8.299294578251544818e-01 8.639443424950048467e-01 9.009037248079139193e-01 8.622008163858212448e-01 8.184082685804846546e-01 8.429891621522314082e-01 8.846420794680158739e-01 8.290734610652663594e-01 8.229356674030198215e-01 7.403757026981059308e-01 8.493980036648616228e-01 8.245514144818864022e-01 8.366307100504736249e-01 8.436780250805511194e-01 8.504261169230549200e-01 8.614016913838165035e-01 8.247269483285890601e-01 8.505530571566298770e-01 8.240379191196043340e-01 8.538758661924692461e-01 9.019931789623283347e-01 8.954442187215054805e-01 8.246436840824693526e-01 8.438934550184008510e-01 8.945704920488477541e-01 8.973212150717791991e-01 8.319587789139561984e-01 8.061761547850816445e-01 8.387803505901387791e-01 8.894744819393037849e-01 8.559154640356676502e-01 8.507751677126818013e-01 8.947626267212627216e-01 8.419206302643287287e-01 8.634563876698652107e-01 8.257537976878985830e-01 8.559781401092343422e-01 9.288411211928014888e-01 8.551335811246130181e-01 8.462236754794322247e-01 8.402447678862365876e-01 8.762746022203247165e-01 8.457295248692416889e-01 8.704193095544987546e-01 8.217036933837337243e-01 8.412130113530423836e-01 8.438443569812147382e-01 8.316908731204257776e-01 8.477415022930743227e-01 8.146637711914467284e-01 8.760634768180255438e-01 8.203367553498579490e-01 8.357630418162872443e-01 8.406801052474814906e-01 8.594454965398301560e-01 8.093058771187847666e-01 8.797482682966922818e-01 8.542106988575914883e-01 8.425469251911141821e-01 8.941718335928567907e-01 8.695766047599626791e-01 8.779194938347385513e-01 8.541325899828109414e-01
8.932835814833062216e-01 8.627129680525290611e-01 9.145967994038516347e-01 6.525714276629356325e-01 9.125358544467885302e-01 8.473849112037232789e-01 9.028410509804994932e-01 8.985441136945271356e-01 8.879424740200811961e-01 9.231804947110971993e-01 7.875410476234943058e-01 7.921217804863965872e-01 1.000000000000000444e+00 8.646862335203262528e-01 8.677003135416450075e-01 9.357492042107362629e-01 9.009754725471594838e-01 7.675087770257246200e-01 8.765384410859018427e-01 9.163227011210711703e-01 8.422897182600235233e-01 8.251504018720932088e-01 8.996313558678422639e-01 9.026711139890084556e-01 9.329206302991264188e-01 8.920830371262127301e-01 8.738734980820487275e-01 8.494739769919498196e-01 9.274193154839245334e-01 9.251042259747854768e-01 8.992154617356183932e-01 9.068143777639698921e-01 9.334170042957454783e-01 9.192887467741222007e-01 9.456462109900152235e-01 8.908022131915753761e-01 9.252725423889716083e-01 9.557336527925393010e-01 8.283563783569036776e-01 8.832402542790062094e-01 8.734354694499089078e-01 9.440036956496536957e-01 9.270601827272121342e-01 8.273022185275178408e-01 9.201964528415209621e-01 9.236093305543633392e-01 8.025649082266661516e-01 9.350678410696908749e-01 8.577957490748356895e-01 9.141339611095637974e-01 9.204154017212851091e-01 9.329437740182440209e-01 8.867515469723576960e-01 9.209774890889953491e-01 7.907839754238848995e-01 9.078568762211788323e-01 9.241998076931987605e-01 8.938120255774872902e-01 8.831693810678298284e-01 8.626461185590238445e-01 9.302691079889640058e-01 8.471507920010394876e-01 9.009867669390339007e-01 9.266641272066038493e-01 8.705678325847382437e-01 9.278000806139854451e-01 9.221905968041197443e-01 8.800786603872178260e-01 9.067214820241765727e-01 8.668788671442591021e-01 8.677346451448099129e-01 9.060759857751112811e-01 6.339743327890021707e-01 8.025981528492305284e-01 8.020814645925334885e-01 9.036817354633661648e-01 8.610951691332888736e-01 9.023097996731728188e-01 9.181859164101308091e-01 9.327946818481849256e-01 8.881980330654744016e-01 9.092174005003843540e-01 8.798871537937457132e-01 9.382480854620409705e-01 9.373459358490744409e-01 9.230114418703078139e-01 9.539362321187152549e-01 9.153873717627669659e-01 8.896198621447423127e-01 9.246837280542919979e-01 9.174123140712318047e-01 9.302941558786523846e-01 9.212116968814789697e-01 8.145881833280630424e-01 8.725558397720443171e-01 8.530908438010607053e-01 8.356863692747297234e-01 8.983414263142881495e-01 8.836713355526917280e-01 9.150483104217784769e-01
8.830945547062427625e-01 9.177099146607301527e-01 9.203169437521279139e-01 8.047291924839183874e-01 9.145700370741840501e-01 8.839600644020813025e-01 9.393526279011280566e-01 8.993404649982728039e-01 8.863916219898584359e-01 9.381507296535920304e-01 8.835170307719336646e-01 9.237803591691785554e-01 8.646862335203262528e-01 1.000000000000000666e+00 9.655799079670864815e-01 9.195579995645715154e-01 9.324804801398174359e-01 8.628854313641504126e-01 9.460980449640938872e-01 9.037080937700538996e-01 9.455778733323427776e-01 9.223490114540975338e-01 9.221925952651084391e-01 9.166642428873412740e-01 9.485241809461619766e-01 8.837776109517374579e-01 8.928994024611939251e-01 9.031995230190144053e-01 9.302503717328188815e-01 9.330732358901949741e-01 9.613285620484139926e-01 8.549548865443604706e-01 8.368326160591070817e-01 9.264529422293281691e-01 9.169303269210620222e-01 9.017036640233331291e-01 8.752303357547706053e-01 9.067859238279569745e-01 9.060679784008274229e-01 9.357012614877386891e-01 9.260068949702118246e-01 8.876439484413036762e-01 9.027240789165217327e-01 9.289432365705454497e-01 8.728973666523901498e-01 8.728079575783775912e-01 7.977937605046142577e-01 9.152374217285261793e-01 9.012463752440158515e-01 8.890123363694819592e-01 9.022727778470106541e-01 9.252639742298290892e-01 9.003776985076212824e-01 8.966500529846340717e-01 9.046765700403837096e-01 8.693419414722072247e-01 9.182526695164690000e-01 9.220077736673082391e-01 9.031302018764317818e-01 9.097699616858704319e-01 9.013964364656273931e-01 9.165319261040447696e-01 9.425846582757320125e-01 8.928614577292763865e-01 8.897183557821910505e-01 9.157198816149585419e-01 9.282254017018887193e-01 9.441763633724702398e-01 9.180848561382393136e-01 9.100450624439440084e-01 8.934185155330056638e-01 9.304161211311157142e-01 7.770980055724354685e-01 8.585312283557469115e-01 9.043844169329710025e-01 9.257841303683100875e-01 9.289627998629264027e-01 9.099186136866572738e-01 9.176298553656125900e-01 9.124693543674742280e-01 8.894924705400142351e-01 8.796070764873809011e-01 9.112318347347310166e-01 9.071190926441830005e-01 8.963589906214604053e-01 9.083679721625119718e-01 8.799827041411618644e-01 9.525201096334767747e-01 8.958579035600851004e-01 9.017526523614647349e-01 9.136732587671549943e-01 9.260833797940533074e-01 8.499203258908620828e-01 8.798100483867765664e-01 9.275212261133172209e-01 9.220523142718142218e-01 8.962433282732653606e-01 9.187803532975904464e-01 9.124265400306696971e-01 9.129435637762870481e-01
8.995708595081215453e-01 9.204080760229413904e-01 9.273658017888470884e-01 7.320386402131549008e-01 9.253182211872892360e-01 9.037169308798347345e-01 9.609732526318776058e-01 9.244447748951314381e-01 9.151565723288768162e-01 9.377613836002345327e-01 8.747573274762779905e-01 9.217456798851899613e-01 8.677003135416450075e-01 9.655799079670864815e-01 1.000000000000000222e+00 9.234154117248905003e-01 9.339533328949141122e-01 8.689364691705140364e-01 9.610732023857442297e-01 9.005751678995836951e-01 9.725843984531994391e-01 9.481436384959411878e-01 9.295505506795943562e-01 9.406670242229944190e-01 9.606997654653850471e-01 8.913048368850599035e-01 9.016160525589151931e-01 9.189687737557442615e-01 9.298010858774932164e-01 9.416740282517516158e-01 9.665313833096549345e-01 8.662117048897928218e-01 8.536641756294878203e-01 9.497532918555258163e-01 9.088644464053385885e-01 9.168731151040312444e-01 8.857296543628083718e-01 9.136067831804437489e-01 8.954988949092276274e-01 9.561971852226998081e-01 9.284722087624498466e-01 8.871901745802868167e-01 9.134228457903132981e-01 9.508476246155141975e-01 9.028150400130645625e-01 9.012652095171524991e-01 7.988266339428826690e-01 9.309278273285167549e-01 8.975053192356279297e-01 8.973325774173875891e-01 9.074840475674291751e-01 9.329513316487715313e-01 9.096950646734640600e-01 8.927457286217466148e-01 8.808905048391625359e-01 8.816137777849794022e-01 9.256748127646077240e-01 9.487669054483880426e-01 9.228037380758530306e-01 9.020634318806063368e-01 9.203744249264773636e-01 9.402175292702041887e-01 9.652472869964203728e-01 9.011342018214266725e-01 9.034827843802606395e-01 9.204213594739588666e-01 9.499903295683966853e-01 9.441777171841787553e-01 9.297811649218958863e-01 9.055827393478788068e-01 8.993350159609680983e-01 9.325395878878257605e-01 7.362274484892035176e-01 8.925491072892963729e-01 9.363599696543387640e-01 9.365356704047375080e-01 9.260524468187321112e-01 9.213691657606839502e-01 9.380742035058831085e-01 9.187409952151911474e-01 9.061587309134311319e-01 8.936419249534703901e-01 9.257921748899691217e-01 9.214607579093028189e-01 9.081993686818421452e-01 9.227482841273252356e-01 8.835091116968062375e-01 9.446122566723438307e-01 9.084326226612891020e-01 9.090598756602346064e-01 9.138742517943629906e-01 9.353503323033987016e-01 8.660003238562845596e-01 8.545174157210653210e-01 9.288076066368959882e-01 9.219494085279384965e-01 8.728655505298069661e-01 9.209801967861755978e-01 8.989423255396291612e-01 9.204941026468289600e-01
9.188625513290128444e-01 8.774873673884362457e-01 9.428187423361844566e-01 6.952637769143660273e-01 9.373569162891866036e-01 8.694088397508802357e-01 9.306875387489841334e-01 9.260957183403992765e-01 8.835489765438364618e-01 9.623201746396872203e-01 8.042551375059423524e-01 8.293768361588551574e-01 9.357492042107362629e-01 9.195579995645715154e-01 9.234154117248905003e-01 1.000000000000000444e+00 9.314043081671674607e-01 8.352347247401232799e-01 9.286948037646552967e-01 9.315205651134242926e-01 8.954056849084555125e-01 8.814980449230374049e-01 9.009916882826815021e-01 9.014898518620378942e-01 9.515933852443674290e-01 9.093812585627530920e-01 9.124958287244295807e-01 8.951927439963810462e-01 9.451941118498954353e-01 9.329564034839125108e-01 9.523119762472529448e-01 9.285979026414200588e-01 8.763365940766383311e-01 9.275458227067241435e-01 9.305211336067481520e-01 8.898934932038773393e-01 9.142768547694399839e-01 9.542433353162276255e-01 8.740691282194172906e-01 9.331356006883677612e-01 9.128198848062802906e-01 9.337074147095578702e-01 9.354274036681260451e-01 8.883691932344788267e-01 9.101310683695611470e-01 9.075083228961648985e-01 8.233550047789788273e-01 9.390057028887874857e-01 8.828763524360345727e-01 9.322171463404511638e-01 9.192311369960817213e-01 9.671695282950270034e-01 9.034738941153137581e-01 9.186213334632808980e-01 8.494942909750997639e-01 9.218442687810136649e-01 9.392419656396480132e-01 9.222866097659103701e-01 8.739255955350568872e-01 9.059163668413360293e-01 9.259273359006887638e-01 8.848771342020059771e-01 9.478704221272475916e-01 9.302912572251973433e-01 9.192106609859782562e-01 9.587110571479005028e-01 9.310940780295688946e-01 9.429388914881275952e-01 9.235149740916035466e-01 8.968787269731823830e-01 9.062479561880152357e-01 9.339370709004692905e-01 6.477050974876792377e-01 8.312145715149732439e-01 8.596278086859748813e-01 9.364952143083189462e-01 9.115938955174072156e-01 9.510152428190109530e-01 9.292490771435776287e-01 9.390696596202706692e-01 8.878794017259862281e-01 9.065342472107174032e-01 9.193202369572552879e-01 9.430381600751742699e-01 9.356303315813927490e-01 9.415239627727023386e-01 9.280681209662733355e-01 9.575648447546746267e-01 9.357651055317051103e-01 9.654380718780561921e-01 9.339742779527837602e-01 9.456590452844542138e-01 8.982932774035881085e-01 8.241708345713520956e-01 9.284755194162190861e-01 9.359347298482920685e-01 8.437129550466857530e-01 9.214046200212373527e-01 8.885360952211365237e-01 9.300335973104005838e-01
